56 1 1.007243 -0.124206
57 1 -1.109504 -1.127595
58 1 -0.381381 -0.126032
59 2 1.458544 0.422867
60 2 1.215937 0.656633
61 1 -0.228913 -0.186416
62 1 -0.347807 -1.164949
63 2 -0.075625 -0.22654
64 2 -0.578174 -0.617691
65 1 -0.943933 -0.636359
66 2 -0.511127 -1.306242
67 1 -1.82629 -0.763339
68 1 -1.955163 -0.312452
69 2 0.104735 -0.558776
70 1 0.440444 -0.104982
71 1 1.1609 0.324356
72 1 -1.857194 -0.987635
73 2 1.674132 0.315004
74 1 1.111212 0.428967
75 1 0.251607 0.464228
76 2 -1.284328 -0.622562
77 1 -0.449183 -0.352302
78 1 0.327798 0.37809
79 2 1.550803 -0.205874
80 2 -2.223071 -0.555179
81 2 0.345572 0.113293
82 1 -0.053811 0.497231
83 2 -1.61394 -0.707755
84 2 -0.09856 -0.028258
85 2 -0.014603 0.305014
86 2 -1.361589 0.508704
87 2 -0.107758 -0.186986
88 2 0.08983 -0.082434
89 2 -0.348447 0.878821
90 2 0.577707 0.005177
91 2 -1.548404 -0.340039
92 2 -0.283919 -0.288073
93 2 0.787305 -0.036267
94 1 -0.33796 0.428127
95 2 -0.127973 -0.435224
96 1 -0.46095 0.849866
97 2 0.842481 0.07881
98 1 -0.307836 -0.201605
99 2 0.64696 -0.286181
100 2 -0.799614 -0.45465
101 1 -0.683315 -0.804715
102 1 -0.702281 -0.141802
103 1 -0.056543 0.007752
104 1 -1.147888 -0.204378
105 2 -0.064047 0.02181
106 2 -0.495333 0.383867
107 2 -0.396324 0.358619
108 2 -0.094894 -0.416441
109 2 -0.624406 -0.206339
110 2 -0.017344 -0.016776
111 1 -0.866922 -0.694643
112 1 -0.707572 -0.202101
113 1 -0.590731 -0.190081
114 2 -0.201945 -0.022517
115 2 0.934805 0.135377
116 1 0.740349 0.570692
117 2 0.364589 0.389039
118 1 0.364976 -0.28598
119 1 0.9259 0.272386
120 2 -0.931636 -0.241359
121 2 -0.151995 -0.526019
122 2 0.464448 0.503234
123 1 -0.982182 -0.0116
124 1 -0.473478 -0.236732
125 1 0.544653 0.09565
126 1 -0.05081 0.451373
127 2 0.669892 0.786136
128 2 -0.137999 -0.068048
129 1 1.062733 -0.408369
130 2 1.250917 -0.304492
131 2 0.688694 1.0282
132 1 0.118993 0.022083
133 1 1.747093 0.486585
134 2 -0.59296 -0.792332
135 1 0.533829 -0.050494
136 1 0.52508 -0.749088
137 1 -0.06271 -0.359461
138 2 1.147041 -0.652472
139 2 -0.88137 -0.428318
140 2 -0.438622 -0.309176
141 1 -2.064046 -1.04394
142 1 0.326184 -0.673848
143 1 -0.880711 -0.52508
144 2 0.32151 -0.211206
145 2 0.88479 0.55954
146 2 -0.618587 -0.270644
147 2 -1.664128 -0.736156
148 2 -0.684556 -1.240032
149 2 0.698143 0.14971
150 2 -0.057574 -0.821533
151 1 0.992541 0.199444
152 1 2.621379 0.419159
153 2 0.307131 0.532995
154 1 0.085337 0.251475
155 2 -0.673531 0.110514
156 2 -0.001679 -1.207173
157 1 -1.703285 0.071412
158 1 -0.653698 -0.801755
159 2 -1.307591 -1.186827
160 2 -0.558102 -0.249866
161 1 -0.287785 0.214997
162 2 -1.158443 0.0027
163 1 -0.58934 0.077698
164 1 0.506491 0.401325
165 2 -0.609544 -0.49526
166 1 -2.120718 -0.356034
167 1 -0.47642 -0.621504
168 1 0.730656 1.099487
169 2 0.549891 0.919674
170 2 0.323199 0.869114
171 1 0.785968 0.784914
172 2 -0.585525 -0.523424
173 2 -1.163349 -0.02493
174 2 -0.868036 -0.769676
175 2 -0.727713 -0.715596
176 1 0.142848 -0.616223
177 1 0.741178 -0.60517
178 2 0.010502 -0.819338
179 2 -0.220621 -0.334083
180 1 -2.731507 -1.770461
181 1 0.277337 -0.504303
182 2 -1.518039 -1.133872
183 2 -1.841966 -0.957517
184 2 0.939045 0.278005
185 2 0.347168 0.532109
186 1 -0.443062 -0.276377
187 2 0.361625 0.354427
188 1 0.982282 0.510567
189 2 -1.290265 -0.842809
190 2 0.476797 0.302731
191 2 -2.557462 -1.199248
192 1 -0.858229 -1.177843
193 2 -1.260672 -0.850695
194 2 -1.78859 -0.777461
195 1 0.874323 -0.181142
196 1 -1.522998 -0.352657
197 1 -1.002314 -0.96361
198 2 0.949748 0.338639
199 2 0.756212 0.586994
200 1 -1.600683 -0.891117
201 1 -1.156963 -0.777236
202 2 -0.803948 -1.385108
203 1 -1.801753 -0.236406
204 1 -0.385717 -0.851013
205 2 -0.848463 -0.885619
206 2 0.345704 -0.195634
207 2 0.891006 0.169324
208 1 -0.230786 -0.437846
209 1 -1.018213 -0.041578
210 1 0.156897 0.021766
211 2 -0.59668 0.186159
212 1 0.281507 0.60098
213 1 0.568542 -0.931418
214 1 -0.889822 0.283112
215 2 -1.177442 -0.46179
216 1 -0.523441 -0.252735
217 1 1.621636 0.440215
218 2 -1.009814 -0.679015
219 2 -0.017473 0.389213
220 1 0.65875 -0.362626
221 1 -1.301904 -0.245851
222 1 1.537862 0.441124
223 1 -0.693214 -0.667751
224 1 0.287995 -0.361547
225 1 -0.236904 -0.463496
226 2 0.551274 -0.6535
227 2 -0.50035 -1.232853
228 1 -1.111331 0.4025
229 1 0.106843 -0.286967
230 2 -1.303766 -0.374376
231 1 -1.146533 -0.677673
232 1 -0.157132 0.32706
233 1 1.126787 0.660867
234 2 0.101891 0.394338
235 1 0.489656 -0.035747
236 2 -0.467644 0.334285
237 1 -0.393479 -0.826913
238 1 0.159874 0.177756
239 2 -0.62148 -0.231456
240 1 -0.067873 -0.989609
241 2 -0.467258 0.353587
242 2 1.103466 0.851939
243 1 0.811252 0.329779
244 1 -2.299301 -1.00916
245 1 -1.400481 -0.490092
246 2 -0.393253 -1.191731
247 1 0.275299 -0.582554
248 2 -0.71191 -0.193085
249 2 0.30609 -0.634228
250 1 1.014595 -0.488595
251 1 -0.562962 0.596151
252 1 -0.528746 -0.333369
253 1 -0.390261 -0.765412
254 2 0.098202 -0.451939
255 1 0.025547 1.012901
256 2 0.352373 -0.226953
257 2 0.24435 -1.093759
258 2 -0.77129 -1.025354
259 2 0.390342 -0.223476
260 1 0.86075 0.667837
261 2 -0.184593 -0.728927
262 1 0.150129 0.580817
263 1 1.600642 0.293938
264 2 -1.682925 -0.630789
265 1 -0.389107 -0.954592
266 2 -0.869179 -1.206218
267 2 -0.2245 -0.667883
268 1 -0.694029 -0.172715
269 1 -1.716338 -0.637119
270 2 -0.659443 0.125933
271 2 -0.536693 -0.610081
272 1 1.885786 -0.215371
273 2 0.423096 0.065825
274 1 -0.973898 0.044596
275 1 0.65352 -0.480523
276 2 1.6754 1.132134
277 1 -0.56552 0.285024
278 2 1.051032 0.210993
279 1 0.924395 0.379848
280 1 2.239451 0.647857
281 1 -0.567886 -0.338028
282 1 -0.073171 -0.123459
283 1 0.901267 0.578608
284 2 0.628846 0.160855
285 1 0.207705 -0.017942
286 1 -0.089593 -0.34283
287 2 -0.148285 -0.738081
288 2 -0.803725 -0.384286
289 1 -0.760714 -0.919944
290 1 0.368298 1.473232
291 1 0.856413 -0.293671
292 1 0.314313 -0.761768
293 2 -0.17964 -0.964044
294 2 -0.368747 0.083617
295 1 -1.73219 -0.770167
296 1 -0.554867 -0.272003
297 1 0.095161 -0.919171
298 2 -0.120871 -0.204574
299 2 0.629117 0.200696
300 1 0.626126 0.284395
301 2 0.638773 0.556177
302 2 -1.615829 0.422751
303 2 -0.087128 0.327377
304 1 0.495505 0.552464
305 1 -0.027639 0.092131
306 1 -1.117385 -0.467393
307 1 -1.688942 -0.835598
308 2 -0.289868 0.540271
309 2 -0.073032 -0.079646
310 2 -0.986611 -0.238971
311 2 0.947073 0.241807
312 2 -0.929423 -0.009386
313 2 -1.786644 -0.877523
314 2 -0.348661 -0.458254
315 2 -1.601054 -0.370502
316 1 0.993605 -0.035728
317 1 1.136163 -0.164268
318 1 -2.416198 -0.449813
319 1 -0.491513 -0.35114
320 1 0.382582 0.020088
321 2 0.966192 -0.308361
322 1 -0.63374 -0.368856
323 1 0.085966 0.133514
324 2 0.279883 0.227354
325 1 0.116924 0.701041
326 1 1.154263 0.968344
327 2 0.136926 0.321442
328 2 1.488249 0.370438
329 2 -0.540512 -0.457368
330 2 0.166995 -0.324098
331 2 0.614652 -0.154877
332 1 1.543872 1.288648
333 1 -0.149889 0.637505
334 2 0.29678 0.273168
335 1 0.268562 0.704877
336 2 0.733005 0.428463
337 2 0.395314 0.753711
338 2 0.911147 0.818623
339 1 -0.972425 -0.105488
340 1 -1.279839 -0.498599
341 1 0.390037 -0.510715
342 1 0.158831 -0.339445
343 1 -1.774046 -0.759546
344 2 1.104921 0.36667
345 2 -0.038362 0.074047
346 1 -0.445381 -0.608313
347 1 -1.018373 -0.343369
348 1 -0.401129 -0.298044
349 1 0.536936 0.479917
350 1 -0.304161 -0.206112
351 2 2.829543 1.8165
352 2 -1.476981 -0.557123
353 2 -0.495414 -0.134076
354 2 -0.030886 -0.238245
355 1 0.17834 -0.452598
356 1 -0.096401 -0.192671
357 1 0.540924 -0.389406
358 1 -0.53755 -0.036162
359 1 2.103655 0.992891
360 1 -0.629441 -0.432678
361 2 0.016161 -0.320468
362 1 0.221797 0.14798
363 2 0.111199 0.234913
364 2 -0.987706 -0.595246
365 2 -0.644315 0.164008
366 1 -0.853928 -1.051407
367 2 -0.472167 -0.240681
368 1 -1.397166 0.189732
369 2 -0.408839 -0.257749
370 1 -0.475205 -0.011699
371 1 1.167023 0.077536
372 1 0.573226 -0.339369
373 2 0.3126 -0.025672
374 2 0.577676 -0.151419
375 2 0.845293 0.392434
376 2 -0.929751 -0.828798
377 1 -3.1e-05 0.444868
378 2 -1.803576 -0.034022
379 2 0.677001 -0.527528
380 2 0.205787 -0.219095
381 1 -1.023259 -0.776414
382 1 -1.115325 -0.513342
383 2 -0.870028 -1.063057
384 2 0.467479 0.024222
385 1 0.558572 -0.620444
386 2 -0.818321 -1.116894
387 2 -0.896804 -0.965108
388 1 0.408912 -0.108101
389 1 -0.001656 -0.446696
390 1 -0.478596 -0.380266
391 2 -0.980443 0.090054
392 2 0.902146 -0.216629
393 2 -1.363815 -1.395393
394 2 -0.919888 -0.686213
395 2 -1.454577 -0.630158
396 2 -0.196168 0.184284
397 2 0.13884 0.434683
398 2 0.264479 0.43437
399 2 -0.630752 0.118552
400 1 0.150597 -0.296197
401 2 0.934739 0.184661
402 1 -1.813508 -0.682038
403 1 -0.708546 -0.050738
404 2 -1.352203 -0.433945
405 2 -0.189432 -0.705845
406 2 0.934797 -0.113941
407 1 -0.039561 -0.388642
408 1 -1.520778 -0.925146
409 2 -1.475669 -0.565815
410 2 -1.032608 -0.387984
411 1 -0.320948 -0.25668
412 1 -0.222609 0.349895
413 2 -1.084048 -0.900837
414 2 -1.812154 -1.016296
415 1 -0.0313 -0.672226
416 2 -0.67137 -0.025842
417 2 -0.465271 -0.518013
418 2 0.039983 0.471817
419 1 0.433175 0.165979
420 2 -0.673585 0.02793
421 1 0.047135 -0.084899
422 1 0.013887 0.777273
423 1 -0.757779 0.025231
424 1 0.107326 -0.212305
425 1 0.748785 0.348558
426 2 0.082051 -0.028637
427 2 -0.717133 -0.418707
428 1 1.241198 -1.224916
429 2 -1.913185 -0.780831
430 1 -1.080931 -1.036281
431 1 0.299723 -0.497365
432 1 1.510803 0.866483
433 2 0.88478 0.775282
434 1 0.074268 0.22222
435 2 -0.531753 -0.284689
436 1 -1.003743 -0.820044
437 2 -1.746329 -1.114049
438 1 0.657397 -0.063323
439 1 1.139353 -0.074792
440 2 0.45527 -0.594667
441 1 1.495817 -0.137398
442 2 -0.922961 -1.065267
443 1 0.561597 -0.219812
444 1 -0.927261 0.035327
445 1 1.391067 -0.526575
446 2 0.506784 -0.74048
447 2 0.771565 0.182305
448 2 -1.009435 -0.712968
449 2 -2.508665 -0.671462
450 2 0.609008 -0.026275
451 1 0.0598 -0.088181
452 2 -0.275038 -0.982112
453 1 -1.013725 -0.605456
454 1 -0.820296 -0.148797
455 1 -1.736795 -1.132307
456 2 -2.055741 -0.5345
457 2 -0.590011 -0.451373
458 1 -0.160942 0.267899
459 2 -0.527205 -0.078016
460 1 -0.766558 0.333103
461 1 -0.181812 0.075081
462 1 1.685129 0.009563
463 1 0.830685 0.866258
464 1 -0.384189 0.039214
465 2 -1.71394 -0.875779
466 1 1.628353 0.471386
467 1 1.315633 0.818242
468 1 -0.339438 0.545645
469 2 1.043798 0.29221
470 1 -0.612632 -0.523844
471 1 0.323376 -0.427063
472 2 -0.472817 -0.13553
473 2 -0.00353 0.199602
474 2 0.02331 0.459968
475 1 0.078285 0.956666
476 1 -0.120067 0.029108
477 2 0.107265 -0.212684
478 2 -0.813598 -0.507629
479 1 1.139416 1.426274
480 1 1.693089 0.568704
481 2 -0.614104 -0.108969
482 2 0.197853 -0.536832
483 2 0.314033 0.012115
484 1 1.437799 1.325411
485 2 0.15642 -0.487182
486 1 1.319425 0.593434
487 1 0.344905 0.481641
488 1 -0.150553 0.629265
489 2 0.268934 -0.233193
490 2 1.058946 0.465039
491 1 -1.579705 -0.455669
492 2 0.114063 0.112064
493 1 1.114085 0.102931
494 2 1.684148 0.430708
495 1 -0.387064 0.328117
496 1 0.791419 0.59751
497 2 1.985012 0.9032
498 1 1.310009 0.448449
499 1 1.264638 0.76015
500 2 0.27881 0.742598
501 2 0.86601 -0.763279
502 1 -0.096625 -0.121685
503 2 -0.51575 -0.790719
504 2 0.340433 -0.157627
505 1 0.43678 0.072922
506 2 0.004147 0.028449
507 1 0.011385 0.231429
508 1 -0.531554 0.041649
509 1 1.336747 0.921891
510 2 1.968724 1.812231
511 1 -0.005131 0.28992
512 1 0.372651 0.112136
513 2 -1.055512 -0.795107
514 2 0.347221 0.218539
515 2 -1.308848 -0.381801
516 2 -1.249436 -0.20591
517 2 -0.746526 0.359503
518 2 1.492792 0.431317
519 2 0.417169 -0.607572
520 1 -0.438605 -0.508117
521 2 1.48563 0.762631
522 2 -0.188244 -1.011827
523 2 0.488707 0.46318
524 2 -1.370158 -0.897704
525 2 -0.900791 -0.135435
526 1 1.775837 1.002226
527 1 0.155737 0.418972
528 1 -0.241096 0.499905
529 2 -0.363934 -0.639462
530 2 2.456326 0.703543
531 1 0.308913 -0.252832
532 1 0.739992 0.537209
533 2 -0.687921 -0.097518
534 1 0.772792 0.423775
535 1 -0.32684 0.342978
536 2 0.138704 0.575336
537 2 0.528769 0.632977
538 1 2.519632 0.182444
539 2 -1.309242 -0.27019
540 1 0.472468 0.651229
541 2 0.531078 0.372473
542 1 -0.877017 -0.20072
543 2 -0.383751 0.29908
544 1 -1.55426 -0.542693
545 1 0.325831 0.424996
546 2 -0.882411 -0.51821
547 1 1.085015 0.306449
548 1 -0.714502 0.35568
549 1 0.381999 0.032894
550 1 1.693237 0.621636
551 1 1.079112 0.913311
552 2 0.698024 0.082264
553 1 -1.122549 -0.339734
554 2 0.571203 -0.395347
555 1 1.696802 0.914856
556 1 0.265701 0.100344
557 1 1.006234 0.163828
558 2 0.619354 -0.016129
559 2 1.930037 0.96809
560 2 1.314473 0.838801
561 2 0.232337 0.868647
562 1 -0.724154 -0.837299
563 1 1.365453 0.000579
564 1 0.182125 -0.559069
565 1 -0.275671 -0.823414
566 2 0.390624 -0.128189
567 1 -1.375995 -1.471348
568 1 0.439629 0.603705
569 1 -1.009185 -0.600748
570 1 0.325223 -0.460468
571 1 -1.230849 -0.397583
572 2 0.469048 0.771404
573 2 0.85334 -0.332852
574 1 -0.349102 0.165853
575 1 0.831322 0.806815
576 1 0.225387 0.362647
577 2 0.515683 0.289119
578 2 3.041437 1.24936
579 2 0.281744 0.862725
580 1 1.303307 0.727015
581 2 -0.171991 -0.381856
582 2 0.991781 0.52361
583 1 -1.717807 -1.508383
584 1 -1.355258 -0.664081
585 1 -0.473704 -0.366444
586 1 -0.742442 -0.55373
587 2 -0.133663 -0.225712
588 1 1.052033 0.017461
589 2 0.812717 -0.14745
590 2 -1.154309 -0.5802
591 1 0.81002 -0.3955
592 2 -0.011579 0.73897
593 2 0.151637 -0.227945
594 1 -0.59637 -0.235434
595 2 0.253729 -0.101209
596 1 -0.043744 -0.405621
597 1 -1.271636 -0.215976
598 1 -0.9439 -1.089038
599 1 0.316751 -0.576784
600 2 -0.597979 -0.415012
601 2 0.569332 0.105525
602 2 0.943608 0.016177
603 2 -1.128871 0.028139
604 2 0.501144 0.059365
605 2 0.037248 0.347286
606 2 0.654243 0.521377
607 2 0.932961 0.109093
608 1 1.138991 0.325695
609 1 0.622568 -0.625714
610 1 -1.430681 -1.632006
611 2 0.181469 -0.410642
612 2 -1.599943 -0.487835
613 2 0.709409 -0.213943
614 1 0.052085 0.106321
615 1 0.522564 0.20413
616 1 -0.822448 -0.711657
617 2 -0.831952 -0.038589
618 1 -1.066947 -1.697932
619 2 -0.871777 -0.423738
620 1 -1.705451 -1.144823
621 2 -1.391427 -1.081359
622 2 -1.500951 -1.905679
623 1 -0.83462 -2.030112
624 1 -1.446442 -0.820063
625 2 0.302128 -1.101912
626 1 -0.822189 -0.26386
627 2 -0.010097 0.209703
628 2 -1.391899 -1.242922
629 2 1.348531 0.200733
630 1 -0.093112 -0.47988
631 1 -0.607661 -0.847643
632 1 -1.681844 -0.877183
633 1 -1.696106 -1.829587
634 2 -1.257575 -1.066683
635 2 0.148458 -0.365934
636 2 0.074404 -0.446927
637 2 -0.640123 -1.073495
638 2 -0.764091 -0.992618
639 1 -0.481421 0.001482
640 2 -0.915666 -0.54781
641 1 0.171632 -0.49592
642 2 -0.977047 -0.568561
643 1 -0.096494 -0.198327
644 2 -0.178494 -0.366634
645 2 -1.158213 -0.125784
646 2 -0.4431 -0.599135
647 2 -1.564324 -1.26377
648 2 0.941626 0.029908
649 2 1.214599 0.707576
650 1 -1.368225 -1.281893
651 1 0.841839 0.100409
652 1 -0.61961 -0.130375
653 1 -0.665299 -0.465103
654 2 -0.026331 -1.049851
655 2 0.481734 -0.191402
656 1 -1.174209 -0.131598
657 2 0.007606 0.255915
658 2 -1.041421 0.110771
659 1 0.073816 0.315096
660 2 -0.304304 0.264603
661 2 0.525579 0.193415
662 2 -1.471081 -0.449463
663 1 0.956519 0.764956
664 1 1.386884 0.451032
665 2 0.986942 1.280102
666 1 1.089472 0.990661
667 1 0.53725 1.062555
668 1 -1.217472 -0.097179
669 2 -0.126257 0.323004
670 2 -1.416147 -0.151559
671 2 0.413036 0.312512
672 2 1.612791 0.68422
673 2 -0.119586 0.645669
674 2 -0.288473 0.277378
675 1 1.052879 0.648432
676 1 0.211767 0.392892
677 1 -0.491453 0.557778
678 1 -0.357444 0.009425
679 1 0.859056 0.483346
680 2 0.16658 0.568228
681 2 -0.577067 -0.236092
682 1 0.796721 0.722393
683 2 -1.353955 -0.509992
684 1 -1.024043 -0.886777
685 1 -0.055252 0.285313
686 1 0.069663 -0.127396
687 2 -0.775096 -0.543539
688 1 0.349374 0.569888
689 1 1.803697 0.342677
690 2 1.781679 1.247459
691 2 -0.027813 -0.259335
692 2 -1.328238 -0.57593
693 2 1.049347 -0.457711
694 2 0.304476 0.102202
695 1 0.373633 0.051541
696 1 -1.072773 -0.072664
697 2 0.966966 0.125475
698 1 0.639032 0.253092
699 2 -0.68936 -0.065436
700 2 -0.12558 -1.084993
701 1 0.251535 -0.175233
702 2 -1.858579 -0.863636
703 1 -0.627471 -0.204669
704 2 0.444325 -0.329287
705 1 -0.444362 -0.353316
706 2 -0.465058 -0.973274
707 1 -1.186808 -0.190766
708 2 -0.097861 0.487352
709 1 1.240711 0.113954
710 2 1.348215 0.765447
711 1 -0.723981 0.006398
712 2 -0.137074 -0.165815
713 1 0.907783 0.07247
714 1 1.192538 -0.218561
715 1 -1.251422 -0.818313
716 1 -0.196064 -0.096762
717 2 0.811075 -0.138292
718 1 -1.082576 -0.705973
719 1 0.014739 -0.755504
720 1 1.341796 0.553303
721 2 0.910519 0.694008
722 2 0.271143 0.305206
723 2 0.675096 0.624452
724 1 -0.196982 0.321322
725 1 -0.665133 -0.09295
726 2 -0.118994 -0.191171
727 1 1.01048 0.36951
728 2 0.901738 0.184706
729 1 -1.091351 -0.23582
730 1 0.819442 -0.566353
731 1 0.118159 -0.488084
732 1 1.430974 0.637615
733 2 -0.629834 0.112402
734 1 -0.224777 0.315597
735 1 -0.462444 -0.49498
736 1 -1.535768 -1.096827
737 2 -0.870962 -0.529354
738 2 -0.59028 -0.178742
739 2 -1.21829 -0.947992
740 1 0.601121 0.441234
741 1 -0.136945 0.542094
742 2 -0.335177 0.285614
743 1 -0.36695 -0.201921
744 1 -1.736383 -1.127906
745 1 0.453851 -0.321178
746 2 -0.90757 -1.208412
747 2 -1.570263 -0.09817
748 2 -0.723155 -0.534622
749 2 -0.864438 -1.168008
750 1 -1.579552 -1.139375
751 1 -0.348777 -0.179485
752 2 -0.8091 -0.311671
753 1 1.145774 0.83424
754 1 1.689347 0.775754
755 2 0.058084 0.781097
756 1 -1.808355 -0.597488
757 2 0.185509 -0.115263
758 2 -0.008822 -0.484041
759 1 -0.828486 -1.166193
760 2 0.55573 0.146264
761 1 0.411535 0.275633
762 1 0.182728 -0.036098
763 2 0.863408 0.549037
764 1 -0.329255 0.404409
765 2 -0.372918 -1.287126
766 1 0.14226 0.512161
767 2 -0.410837 -0.223846
768 2 1.41424 -0.115863
769 1 0.210998 -0.473473
770 2 -1.967694 -0.688581
771 2 1.635268 0.889651
772 1 -2.781076 -1.953349
773 2 0.445341 -0.284561
774 2 -0.912588 -0.91856
775 1 -3.524917 -1.748515
776 2 0.665354 -0.364552
777 1 0.290042 0.072449
778 1 -0.007089 -0.060961
779 2 1.045076 0.768991
780 1 1.307892 0.514631
781 2 -0.551495 -0.099847
782 1 0.635399 0.23394
783 1 0.402907 0.565163
784 1 0.054576 -0.414011
785 1 -1.600746 -0.500332
786 1 0.328779 0.207559
787 2 -0.165062 0.097822
788 2 0.521757 0.70337
789 1 0.408899 0.807723
790 1 0.340771 0.608135
791 1 -0.919817 0.20065
792 2 -1.163332 -0.930975
793 1 -0.844367 -0.256972
794 1 0.016517 0.75162
795 2 -0.332355 0.607412
796 1 -0.316716 0.553257
797 1 -0.319954 0.484183
798 2 1.127941 1.171232
799 2 -0.991034 0.225694
800 1 -0.203678 -0.172055
801 2 -0.291673 -0.248232
802 1 0.09899 0.00537
803 2 0.918135 -0.121955
804 2 -1.134298 -0.188294
805 2 -1.377875 -0.024249
806 1 -1.658073 -0.496767
807 2 -0.256207 0.599089
808 2 1.066797 0.687397
809 2 0.438717 0.53572
810 2 0.543949 0.452338
811 1 -1.530145 0.568505
812 2 -1.559683 -1.479851
813 1 -0.51913 -0.562782
814 1 -1.789447 -0.692683
815 2 -0.614083 -0.656892
816 1 -1.08294 -0.763364
817 1 -0.028129 0.538715
818 1 1.468558 0.66017
819 1 0.514674 -0.265085
820 2 -0.381532 -0.709601
821 1 -2.171044 -1.042628
822 1 -0.937424 -0.46276
823 1 -0.514625 -1.115031
824 2 -0.526266 -0.429596
825 2 -1.78035 -1.691533
826 2 0.331061 -0.463152
827 2 -0.547712 -0.026595
828 1 -1.796486 -0.611767
829 1 -0.969399 0.018094
830 2 1.265829 0.487173
831 2 0.176515 0.042167
832 2 -0.501339 -1.126913
833 2 -1.569339 -0.881167
834 1 -0.536449 -1.027814
835 1 -0.878561 -0.699963
836 2 -1.426011 -1.58207
837 1 -1.029527 -0.18884
838 2 -1.333925 -1.174501
839 1 0.136683 -0.747766
840 2 -0.280242 -0.489467
841 2 0.990521 -0.105642
842 2 0.090207 -0.181942
843 2 -0.632579 0.088487
844 1 -0.42215 -0.403254
845 2 -1.341796 -0.526553
846 2 0.094539 -0.376621
847 2 -2.254077 -0.59651
848 2 0.235391 -0.484527
849 2 -0.468248 -0.40665
850 1 -0.222562 -0.404839
851 2 0.509653 -0.974193
852 2 -0.610605 -0.842822
853 1 0.326812 -0.584813
854 1 -0.471047 -0.836576
855 2 -1.168167 -0.665656
856 1 2.467744 1.509649
857 1 0.846707 0.360172
858 1 -0.103013 0.338949
859 1 -0.053039 0.795559
860 1 -0.986992 -0.10311
861 1 -0.934582 -0.521227
862 2 0.559044 -0.294366
863 1 0.45341 0.551661
864 2 0.164456 -0.095767
865 1 1.015009 1.574396
866 2 0.368909 -0.021021
867 1 0.695476 0.498355
868 2 0.419243 0.166342
869 1 -0.639612 -1.073293
870 2 -0.362095 -0.19821
871 1 0.052343 0.073552
872 1 -0.352695 -0.8349
873 1 -0.718016 -0.168657
874 1 -0.801845 -0.100226
875 1 -0.972615 -0.878478
876 2 -0.765234 -0.231015
877 1 1.194792 0.169089
878 2 0.249774 0.356372
879 2 -0.94999 -0.534284
880 1 -0.412973 -0.49605
881 2 0.299787 0.062052
882 2 1.448228 0.989182
883 2 -0.753901 -0.194071
884 1 0.068808 0.28436
885 2 0.096681 0.232011
886 2 -0.447561 -0.6184
887 2 1.345303 1.376761
888 2 0.329838 1.013615
889 2 0.394059 0.557756
890 2 0.259578 0.480896
891 2 -0.950024 -0.481284
892 2 -0.225773 -0.730845
893 1 0.069841 -0.122716
894 1 -0.903092 -0.449086
895 1 0.807084 -0.280645
896 2 0.491886 0.709099
897 2 0.489024 -0.228527
898 1 -0.114636 -0.993235
899 2 -0.082431 0.161255
900 2 -0.370008 -0.399016
901 1 -0.604888 -0.802721
902 2 -0.351538 -1.05533
903 1 0.577179 0.260876
904 2 0.662049 -0.149609
905 2 -0.564451 -0.42069
906 1 0.687685 -0.354508
907 1 -1.917783 -1.223104
908 2 0.393252 0.004246
909 2 0.647174 0.481967
910 2 -0.085012 -0.586457
911 1 0.291588 -0.293845
912 2 0.357636 0.388895
913 1 -0.727702 -0.539627
914 2 -1.368336 -0.426981
915 1 -0.77705 0.354655
916 1 0.211699 -0.03348
917 2 -1.007742 -0.686351
918 1 -0.228389 -0.073229
919 2 -0.570861 -0.063398
920 1 -1.174774 0.264286
921 2 2.090861 0.600596
922 1 2.2905 0.763088
923 1 -0.858121 -0.059116
924 2 0.221985 -0.228248
925 2 -0.936626 0.062706
926 2 0.438005 -0.111694
927 2 -0.912445 -0.512787
928 2 -2.114641 -0.433933
929 2 -1.003275 -0.455418
930 2 -1.819686 -0.853023
931 1 -0.723547 -0.547833
932 2 -0.256464 0.489602
933 1 0.542889 1.142469
934 1 -0.071087 0.223576
935 2 -0.594405 -0.085574
936 1 2.520463 1.36693
937 1 1.442294 0.251501
938 1 0.027559 -0.341933
939 1 0.405802 0.304586
940 2 1.250118 0.310354
941 2 1.136571 0.579028
942 2 1.357446 0.300018
943 2 -0.423571 0.305066
944 1 -1.045117 -0.442086
945 1 0.174896 0.197088
946 2 0.150297 -0.044982
947 2 -0.175085 0.127377
948 2 1.614308 0.802042
949 1 0.026767 0.816546
950 1 -1.210255 0.7601
951 2 0.149397 0.472976
952 1 1.720667 0.103137
953 1 -0.536988 0.805611
954 2 -0.053919 0.642663
955 2 0.797683 0.450798
956 2 -0.712293 0.07105
957 2 -0.129471 0.647334
958 2 0.474537 -0.246712
959 1 0.739526 0.148781
960 1 -0.948349 0.020654
961 1 0.382727 0.170677
962 1 -0.683248 0.176535
963 2 -0.156898 0.163519
964 2 -0.536314 -1.019595
965 1 -0.987434 -0.199769
966 2 -0.161265 -0.058057
967 2 0.138346 0.103918
968 2 -0.574841 -0.15497
969 2 0.328799 -0.174212
970 2 -0.464832 0.20673
971 1 -1.020897 0.639792
972 1 0.30623 0.259711
973 1 0.610456 -0.205631
974 2 -0.510089 -0.599801
975 1 1.282426 0.110919
976 1 -2.187351 -0.548526
977 1 -0.72451 -1.151939
978 1 -0.41713 0.403197
979 1 -0.467077 -0.160149
980 1 0.694181 0.559812
981 1 -0.107618 -0.467108
982 1 0.645027 -0.0255
983 1 -0.466544 -0.224407
984 1 -1.416231 -0.142356
985 2 -1.308855 -0.007194
986 2 -2.184498 -1.060198
987 1 -1.137298 -0.824524
988 2 0.006461 -1.060309
989 2 -0.41763 -1.396561
990 2 0.300702 -0.726264
991 2 -0.028083 -0.229529
992 2 0.764855 0.206596
993 1 -1.478451 -0.375954
994 1 0.6203 0.024188
995 2 0.255224 0.460764
996 1 -0.530097 -0.582077
997 2 0.620104 0.187131
998 2 -0.063224 0.896211
999 2 0.577773 0.390655
1000 2 -1.378359 -0.668078
1001 2 -0.29351 -0.637333
1002 1 -0.347838 0.543011
1003 2 -1.266664 -0.748082
1004 1 0.871581 0.399966
1005 1 -0.046486 0.224639
1006 2 0.565572 -0.318135
1007 1 -1.207979 -0.146616
1008 2 -2.648842 -1.243902
1009 1 -0.671111 -0.863046
1010 2 -1.728565 -0.988996
1011 2 -0.147647 -0.471761
1012 2 -1.157069 -0.083293
1013 1 -1.095929 -0.403713
1014 1 -2.088181 -0.290856
1015 2 -0.067633 -0.045975
1016 1 0.835639 0.420856
1017 2 -0.877405 0.090274
1018 1 0.080074 0.188364
1019 1 0.21443 -0.015994
1020 1 -0.151704 0.187503
1021 1 0.348393 0.181715
1022 2 0.726053 0.429304
1023 1 0.515362 0.055894
1024 2 0.398048 -0.187494
1025 1 0.660575 0.291296
1026 1 -0.34602 -0.15005
1027 1 0.101999 0.059121
1028 2 -1.130869 0.153426
1029 1 0.410212 0.256102
1030 2 0.375706 0.151062
1031 2 -0.098985 0.207186
1032 2 0.0868 0.217175
1033 2 -0.299194 -0.051851
1034 2 0.114387 -0.06417
1035 1 2.223621 0.189329
1036 1 0.194968 -0.157788
1037 1 0.452923 -0.156381
1038 2 -0.597887 -0.659467
1039 1 0.264036 -0.05237
1040 2 -1.421018 -0.331865
1041 2 2.491554 1.306823
1042 1 -1.027016 0.079383
1043 2 0.674887 0.65244
1044 1 1.336817 1.59387
1045 1 1.217055 0.561468
1046 1 0.058933 0.533348
1047 1 0.344846 -0.073762
1048 1 0.038496 0.455709
1049 2 -1.221637 0.065502
1050 1 2.121611 1.401294
1051 2 0.397149 0.473019
1052 1 0.745186 0.208689
1053 1 0.183387 0.232467
1054 2 0.414096 0.54591
1055 1 0.266561 -0.226391
