Progeny Sire Dam
1 0 0
2 0 0
3 0 0
4 0 0
5 0 0
6 0 0
7 0 0
8 0 0
9 0 0
10 0 0
11 0 0
12 0 0
13 0 0
14 0 0
15 0 0
16 0 0
17 0 0
18 0 0
19 0 0
20 0 0
21 0 0
22 0 0
23 0 0
24 0 0
25 0 0
26 0 0
27 0 0
28 0 0
29 0 0
30 0 0
31 0 0
32 0 0
33 0 0
34 0 0
35 0 0
36 0 0
37 0 0
38 0 0
39 0 0
40 0 0
41 0 0
42 0 0
43 0 0
44 0 0
45 0 0
46 0 0
47 0 0
48 0 0
49 0 0
50 0 0
51 0 0
52 0 0
53 0 0
54 0 0
55 0 0
56 3 51
57 3 51
58 3 51
59 3 51
60 3 15
61 3 15
62 3 15
63 3 15
64 3 10
65 3 10
66 3 10
67 3 10
68 3 50
69 3 50
70 3 50
71 3 50
72 3 39
73 3 39
74 3 39
75 3 39
76 3 23
77 3 23
78 3 23
79 3 23
80 3 9
81 3 9
82 3 9
83 3 9
84 3 52
85 3 52
86 3 52
87 3 52
88 3 46
89 3 46
90 3 46
91 3 46
92 3 26
93 3 26
94 3 26
95 3 26
96 4 35
97 4 35
98 4 35
99 4 35
100 4 13
101 4 13
102 4 13
103 4 13
104 4 38
105 4 38
106 4 38
107 4 38
108 4 30
109 4 30
110 4 30
111 4 30
112 4 34
113 4 34
114 4 34
115 4 34
116 4 42
117 4 42
118 4 42
119 4 42
120 4 20
121 4 20
122 4 20
123 4 20
124 4 53
125 4 53
126 4 53
127 4 53
128 4 36
129 4 36
130 4 36
131 4 36
132 4 37
133 4 37
134 4 37
135 4 37
136 2 49
137 2 49
138 2 49
139 2 49
140 2 12
141 2 12
142 2 12
143 2 12
144 2 55
145 2 55
146 2 55
147 2 55
148 2 48
149 2 48
150 2 48
151 2 48
152 2 25
153 2 25
154 2 25
155 2 25
156 2 14
157 2 14
158 2 14
159 2 14
160 2 19
161 2 19
162 2 19
163 2 19
164 2 29
165 2 29
166 2 29
167 2 29
168 2 45
169 2 45
170 2 45
171 2 45
172 2 22
173 2 22
174 2 22
175 2 22
176 5 11
177 5 11
178 5 11
179 5 11
180 5 47
181 5 47
182 5 47
183 5 47
184 5 24
185 5 24
186 5 24
187 5 24
188 5 40
189 5 40
190 5 40
191 5 40
192 5 28
193 5 28
194 5 28
195 5 28
196 5 54
197 5 54
198 5 54
199 5 54
200 5 41
201 5 41
202 5 41
203 5 41
204 5 17
205 5 17
206 5 17
207 5 17
208 5 16
209 5 16
210 5 16
211 5 16
212 5 43
213 5 43
214 5 43
215 5 43
216 1 18
217 1 18
218 1 18
219 1 18
220 1 33
221 1 33
222 1 33
223 1 33
224 1 44
225 1 44
226 1 44
227 1 44
228 1 27
229 1 27
230 1 27
231 1 27
232 1 21
233 1 21
234 1 21
235 1 21
236 1 7
237 1 7
238 1 7
239 1 7
240 1 32
241 1 32
242 1 32
243 1 32
244 1 8
245 1 8
246 1 8
247 1 8
248 1 31
249 1 31
250 1 31
251 1 31
252 1 6
253 1 6
254 1 6
255 1 6
256 211 204
257 211 204
258 211 204
259 211 204
260 211 186
261 211 186
262 211 186
263 211 186
264 211 180
265 211 180
266 211 180
267 211 180
268 211 141
269 211 141
270 211 141
271 211 141
272 211 247
273 211 247
274 211 247
275 211 247
276 211 232
277 211 232
278 211 232
279 211 232
280 211 203
281 211 203
282 211 203
283 211 203
284 211 243
285 211 243
286 211 243
287 211 243
288 211 176
289 211 176
290 211 176
291 211 176
292 211 237
293 211 237
294 211 237
295 211 237
296 85 167
297 85 167
298 85 167
299 85 167
300 85 177
301 85 177
302 85 177
303 85 177
304 85 58
305 85 58
306 85 58
307 85 58
308 85 57
309 85 57
310 85 57
311 85 57
312 85 181
313 85 181
314 85 181
315 85 181
316 85 125
317 85 125
318 85 125
319 85 125
320 85 231
321 85 231
322 85 231
323 85 231
324 85 103
325 85 103
326 85 103
327 85 103
328 85 220
329 85 220
330 85 220
331 85 220
332 85 78
333 85 78
334 85 78
335 85 78
336 73 217
337 73 217
338 73 217
339 73 217
340 73 72
341 73 72
342 73 72
343 73 72
344 73 192
345 73 192
346 73 192
347 73 192
348 73 251
349 73 251
350 73 251
351 73 251
352 73 62
353 73 62
354 73 62
355 73 62
356 73 56
357 73 56
358 73 56
359 73 56
360 73 74
361 73 74
362 73 74
363 73 74
364 73 253
365 73 253
366 73 253
367 73 253
368 73 223
369 73 223
370 73 223
371 73 223
372 73 197
373 73 197
374 73 197
375 73 197
376 150 96
377 150 96
378 150 96
379 150 96
380 150 196
381 150 196
382 150 196
383 150 196
384 150 143
385 150 143
386 150 143
387 150 143
388 150 136
389 150 136
390 150 136
391 150 136
392 150 235
393 150 235
394 150 235
395 150 235
396 150 71
397 150 71
398 150 71
399 150 71
400 150 135
401 150 135
402 150 135
403 150 135
404 150 161
405 150 161
406 150 161
407 150 161
408 150 225
409 150 225
410 150 225
411 150 225
412 150 102
413 150 102
414 150 102
415 150 102
416 91 154
417 91 154
418 91 154
419 91 154
420 91 214
421 91 214
422 91 214
423 91 214
424 91 65
425 91 65
426 91 65
427 91 65
428 91 240
429 91 240
430 91 240
431 91 240
432 91 212
433 91 212
434 91 212
435 91 212
436 91 104
437 91 104
438 91 104
439 91 104
440 91 201
441 91 201
442 91 201
443 91 201
444 91 245
445 91 245
446 91 245
447 91 245
448 91 123
449 91 123
450 91 123
451 91 123
452 91 213
453 91 213
454 91 213
455 91 213
456 363 436
457 363 436
458 363 436
459 363 436
460 363 377
461 363 377
462 363 377
463 363 377
464 363 292
465 363 292
466 363 292
467 363 292
468 363 307
469 363 307
470 363 307
471 363 307
472 363 347
473 363 347
474 363 347
475 363 347
476 363 362
477 363 362
478 363 362
479 363 362
480 363 272
481 363 272
482 363 272
483 363 272
484 363 422
485 363 422
486 363 422
487 363 422
488 363 305
489 363 305
490 363 305
491 363 305
492 363 400
493 363 400
494 363 400
495 363 400
496 324 304
497 324 304
498 324 304
499 324 304
500 324 286
501 324 286
502 324 286
503 324 286
504 324 283
505 324 283
506 324 283
507 324 283
508 324 368
509 324 368
510 324 368
511 324 368
512 324 444
513 324 444
514 324 444
515 324 444
516 324 441
517 324 441
518 324 441
519 324 441
520 324 445
521 324 445
522 324 445
523 324 445
524 324 423
525 324 423
526 324 423
527 324 423
528 324 268
529 324 268
530 324 268
531 324 268
532 324 370
533 324 370
534 324 370
535 324 370
536 344 282
537 344 282
538 344 282
539 344 282
540 344 342
541 344 342
542 344 342
543 344 342
544 344 263
545 344 263
546 344 263
547 344 263
548 344 333
549 344 333
550 344 333
551 344 333
552 344 431
553 344 431
554 344 431
555 344 431
556 344 317
557 344 317
558 344 317
559 344 317
560 344 412
561 344 412
562 344 412
563 344 412
564 344 408
565 344 408
566 344 408
567 344 408
568 344 346
569 344 346
570 344 346
571 344 346
572 344 356
573 344 356
574 344 356
575 344 356
576 310 290
577 310 290
578 310 290
579 310 290
580 310 439
581 310 439
582 310 439
583 310 439
584 310 451
585 310 451
586 310 451
587 310 451
588 310 297
589 310 297
590 310 297
591 310 297
592 310 419
593 310 419
594 310 419
595 310 419
596 310 289
597 310 289
598 310 289
599 310 289
600 310 421
601 310 421
602 310 421
603 310 421
604 310 339
605 310 339
606 310 339
607 310 339
608 310 403
609 310 403
610 310 403
611 310 403
612 310 348
613 310 348
614 310 348
615 310 348
616 452 415
617 452 415
618 452 415
619 452 415
620 452 455
621 452 455
622 452 455
623 452 455
624 452 407
625 452 407
626 452 407
627 452 407
628 452 265
629 452 265
630 452 265
631 452 265
632 452 430
633 452 430
634 452 430
635 452 430
636 452 453
637 452 453
638 452 453
639 452 453
640 452 371
641 452 371
642 452 371
643 452 371
644 452 360
645 452 360
646 452 360
647 452 360
648 452 424
649 452 424
650 452 424
651 452 424
652 452 402
653 452 402
654 452 402
655 452 402
656 572 569
657 572 569
658 572 569
659 572 569
660 572 462
661 572 462
662 572 462
663 572 462
664 572 487
665 572 487
666 572 487
667 572 487
668 572 586
669 572 586
670 572 586
671 572 586
672 572 588
673 572 588
674 572 588
675 572 588
676 572 639
677 572 639
678 572 639
679 572 639
680 572 491
681 572 491
682 572 491
683 572 491
684 572 623
685 572 623
686 572 623
687 572 623
688 572 614
689 572 614
690 572 614
691 572 614
692 572 598
693 572 598
694 572 598
695 572 598
696 478 571
697 478 571
698 478 571
699 478 571
700 478 641
701 478 641
702 478 641
703 478 641
704 478 544
705 478 544
706 478 544
707 478 544
708 478 526
709 478 526
710 478 526
711 478 526
712 478 507
713 478 507
714 478 507
715 478 507
716 478 520
717 478 520
718 478 520
719 478 520
720 478 551
721 478 551
722 478 551
723 478 551
724 478 495
725 478 495
726 478 495
727 478 495
728 478 563
729 478 563
730 478 563
731 478 563
732 478 557
733 478 557
734 478 557
735 478 557
736 489 610
737 489 610
738 489 610
739 489 610
740 489 576
741 489 576
742 489 576
743 489 576
744 489 650
745 489 650
746 489 650
747 489 650
748 489 567
749 489 567
750 489 567
751 489 567
752 489 484
753 489 484
754 489 484
755 489 484
756 489 616
757 489 616
758 489 616
759 489 616
760 489 467
761 489 467
762 489 467
763 489 467
764 489 535
765 489 535
766 489 535
767 489 535
768 489 458
769 489 458
770 489 458
771 489 458
772 489 583
773 489 583
774 489 583
775 489 583
776 481 580
777 481 580
778 481 580
779 481 580
780 481 608
781 481 608
782 481 608
783 481 608
784 481 476
785 481 476
786 481 476
787 481 476
788 481 475
789 481 475
790 481 475
791 481 475
792 481 466
793 481 466
794 481 466
795 481 466
796 481 499
797 481 499
798 481 499
799 481 499
800 481 574
801 481 574
802 481 574
803 481 574
804 481 542
805 481 542
806 481 542
807 481 542
808 481 509
809 481 509
810 481 509
811 481 509
812 481 618
813 481 618
814 481 618
815 481 618
816 522 479
817 522 479
818 522 479
819 522 479
820 522 630
821 522 630
822 522 630
823 522 630
824 522 591
825 522 591
826 522 591
827 522 591
828 522 568
829 522 568
830 522 568
831 522 568
832 522 553
833 522 553
834 522 553
835 522 553
836 522 471
837 522 471
838 522 471
839 522 471
840 522 545
841 522 545
842 522 545
843 522 545
844 522 528
845 522 528
846 522 528
847 522 528
848 522 540
849 522 540
850 522 540
851 522 540
852 522 470
853 522 470
854 522 470
855 522 470
856 831 667
857 831 667
858 831 667
859 831 667
860 831 715
861 831 715
862 831 715
863 831 715
864 831 675
865 831 675
866 831 675
867 831 675
868 831 819
869 831 819
870 831 819
871 831 819
872 831 703
873 831 703
874 831 703
875 831 703
876 831 659
877 831 659
878 831 659
879 831 659
880 831 686
881 831 686
882 831 686
883 831 686
884 831 688
885 831 688
886 831 688
887 831 688
888 831 794
889 831 794
890 831 794
891 831 794
892 831 823
893 831 823
894 831 823
895 831 823
896 767 783
897 767 783
898 767 783
899 767 783
900 767 750
901 767 750
902 767 750
903 767 750
904 767 759
905 767 759
906 767 759
907 767 759
908 767 668
909 767 668
910 767 668
911 767 668
912 767 764
913 767 764
914 767 764
915 767 764
916 767 695
917 767 695
918 767 695
919 767 695
920 767 679
921 767 679
922 767 679
923 767 679
924 767 769
925 767 769
926 767 769
927 767 769
928 767 730
929 767 730
930 767 730
931 767 730
932 767 666
933 767 666
934 767 666
935 767 666
936 755 734
937 755 734
938 755 734
939 755 734
940 755 689
941 755 689
942 755 689
943 755 689
944 755 756
945 755 756
946 755 756
947 755 756
948 755 811
949 755 811
950 755 811
951 755 811
952 755 678
953 755 678
954 755 678
955 755 678
956 755 762
957 755 762
958 755 762
959 755 762
960 755 751
961 755 751
962 755 751
963 755 751
964 755 775
965 755 775
966 755 775
967 755 775
968 755 839
969 755 839
970 755 839
971 755 839
972 755 719
973 755 719
974 755 719
975 755 719
976 737 716
977 737 716
978 737 716
979 737 716
980 737 729
981 737 729
982 737 729
983 737 729
984 737 822
985 737 822
986 737 822
987 737 822
988 737 744
989 737 744
990 737 744
991 737 744
992 737 766
993 737 766
994 737 766
995 737 766
996 737 720
997 737 720
998 737 720
999 737 720
1000 737 837
1001 737 837
1002 737 837
1003 737 837
1004 737 796
1005 737 796
1006 737 796
1007 737 796
1008 737 834
1009 737 834
1010 737 834
1011 737 834
1012 737 828
1013 737 828
1014 737 828
1015 737 828
1016 658 800
1017 658 800
1018 658 800
1019 658 800
1020 658 656
1021 658 656
1022 658 656
1023 658 656
1024 658 778
1025 658 778
1026 658 778
1027 658 778
1028 658 761
1029 658 761
1030 658 761
1031 658 761
1032 658 782
1033 658 782
1034 658 782
1035 658 782
1036 658 713
1037 658 713
1038 658 713
1039 658 713
1040 658 741
1041 658 741
1042 658 741
1043 658 741
1044 658 663
1045 658 663
1046 658 663
1047 658 663
1048 658 789
1049 658 789
1050 658 789
1051 658 789
1052 658 707
1053 658 707
1054 658 707
1055 658 707
