56	1	-0.680007	-0.867005	0.129908	0.057089
57	1	1.555422	2.107948	0.006679	-0.559205
58	2	-0.086997	0.178089	-0.612129	0.347043
59	2	-0.864788	-1.092507	-0.119325	0.347043
60	1	-1.432608	-0.890429	-0.599268	0.057089
61	2	0.490014	-0.213062	0.029692	0.673384
62	1	0.773686	1.133803	-0.417206	0.057089
63	1	-1.402222	-0.810584	-0.648728	0.057089
64	2	1.197929	1.281348	-0.430462	0.347043
65	2	-0.611899	-0.454298	-0.504643	0.347043
66	1	0.73377	0.883917	-0.207236	0.057089
67	1	-0.115552	-0.201936	-0.587	0.673384
68	1	-0.034546	-0.67712	-0.03081	0.673384
69	1	-0.713861	-1.069701	-0.317544	0.673384
70	2	-1.486452	-0.743335	-0.183913	-0.559205
71	2	1.804058	1.150074	-0.019399	0.673384
72	2	0.242466	-0.066633	-0.364285	0.673384
73	2	0.051037	-0.493017	-0.12933	0.673384
74	1	-0.846181	-0.513229	-0.390041	0.057089
75	2	1.354842	1.548514	-0.250761	0.057089
76	1	-1.870795	-0.475337	-0.836253	-0.559205
77	1	-0.577008	0.250552	-0.268355	-0.559205
78	2	-0.835025	-0.800787	-0.091327	0.057089
79	1	0.69393	0.605139	-0.258251	0.347043
80	1	0.677633	0.793264	-0.311544	0.195913
81	2	-1.381677	-0.747464	-0.364962	-0.269252
82	1	0.670618	1.09112	-0.15125	-0.269252
83	2	0.170862	0.216331	-0.241381	0.195913
84	1	0.355217	0.440668	0.1838	-0.269252
85	2	-0.164062	0.006325	-0.517429	0.347043
86	2	-1.277916	-1.469607	-0.155352	0.347043
87	2	0.836022	0.405003	0.083976	0.347043
88	2	0.8605	0.791082	0.012329	0.057089
89	1	0.359502	-0.239496	-0.074386	0.673384
90	1	0.441461	-0.37516	0.143237	0.673384
91	2	0.212838	0.247213	-0.091464	0.057089
92	1	0.886139	0.970621	-0.431525	0.347043
93	2	-1.140445	-0.881733	-0.315801	0.057089
94	2	-0.629658	-0.721595	0.034848	0.057089
95	1	1.251967	1.455666	0.065553	-0.269252
96	2	0.559606	0.275359	0.263545	0.020702
97	1	0.807467	0.874632	0.202086	-0.269252
98	1	-0.755467	-0.541975	0.055759	-0.269252
99	1	0.166639	0.239288	-0.09335	0.020702
100	2	0.362784	0.72982	-0.236608	-0.130428
101	1	0.929264	1.265159	-0.205466	-0.130428
102	2	-0.474236	-0.306982	-0.363167	0.195913
103	1	-0.321635	-0.115099	-0.227237	0.020702
104	1	0.952445	1.387329	-0.014503	-0.420382
105	2	0.806345	0.60854	-0.149238	0.347043
106	2	-1.229701	-0.827411	-0.133038	-0.269252
107	1	-0.790705	-0.672879	0.151425	-0.269252
108	2	-0.131463	0.195462	0.093457	-0.420382
109	1	0.489731	-0.020083	0.489112	0.020702
110	1	-1.384894	-1.077299	-0.038344	-0.269252
111	2	-1.076361	-0.658904	0.002924	-0.420382
112	2	0.743372	0.31745	0.07888	0.347043
113	1	-0.300032	-0.777142	0.130067	0.347043
114	2	2.085291	1.458621	0.279627	0.347043
115	2	0.291324	0.124791	-0.029379	0.195913
116	2	1.313998	1.125259	-0.158304	0.347043
117	2	-0.013146	0.155621	0.100485	-0.269252
118	1	-0.086587	0.09245	0.090214	-0.269252
119	1	0.490741	0.607238	0.152755	-0.269252
120	2	0.897265	0.919168	-0.042605	0.020702
121	1	0.938794	1.28819	-0.218968	-0.130428
122	1	-0.918008	-0.548917	-0.238663	-0.130428
123	2	-1.640675	-1.249045	-0.412331	0.020702
124	1	0.623909	-0.165641	0.442508	0.347043
125	1	0.192419	-0.503175	0.499681	0.195913
126	2	0.389729	0.202721	-0.008905	0.195913
127	2	-1.031078	-1.936734	0.558613	0.347043
128	1	-0.833888	-0.450856	-0.101474	-0.281558
129	1	0.69185	0.491009	-0.146201	0.347043
130	2	0.109588	-0.134151	-0.103304	0.347043
131	1	-0.931749	-0.408252	-0.393068	-0.130428
132	1	-0.905835	-0.3313	-0.292977	-0.281558
133	1	-0.187619	0.407435	-0.313495	-0.281558
134	1	-0.309672	0.023749	-0.202993	-0.130428
135	1	-0.225186	0.139395	-0.083022	-0.281558
136	1	1.400485	0.581838	0.622735	0.195913
137	1	-0.629469	-0.62888	-0.196502	0.195913
138	1	1.812918	1.306957	0.310049	0.195913
139	2	-1.200678	-1.385547	-0.011044	0.195913
140	2	0.03488	-0.145415	0.461853	-0.281558
141	2	0.096627	0.336659	-0.109604	-0.130428
142	2	0.78897	0.74465	0.325878	-0.281558
143	2	-0.138686	-0.134984	0.126726	-0.130428
144	2	0.863541	1.078794	0.066304	-0.281558
145	2	0.379758	0.801098	-0.139781	-0.281558
146	1	-0.920891	-0.662687	0.023355	-0.281558
147	2	1.338034	0.701346	0.440775	0.195913
148	1	0.210436	-0.23498	0.249504	0.195913
149	1	1.320673	0.691642	0.433118	0.195913
150	1	-0.035448	0.258967	-0.012857	-0.281558
151	2	0.515657	0.15517	0.164575	0.195913
152	1	-0.589369	-0.601373	-0.183909	0.195913
153	1	0.933729	0.571237	0.166579	0.195913
154	2	-0.488631	-0.37456	0.30631	-0.420382
155	2	-0.182763	-0.410183	0.031507	0.195913
156	1	0.409693	0.540693	-0.000571	-0.130428
157	2	-0.355073	-0.188635	0.253944	-0.420382
158	1	-0.293756	-0.016789	-0.146539	-0.130428
159	2	-2.376424	-1.347694	-0.608349	-0.420382
160	1	0.839263	0.81325	-0.1699	0.195913
161	2	-0.782924	-0.58127	-0.397566	0.195913
162	1	0.563962	0.387404	-0.019354	0.195913
163	2	-0.719807	-0.690369	0.10099	-0.130428
164	2	0.06543	0.014028	-0.14451	0.195913
165	2	-1.603671	-1.606118	-0.193466	0.195913
166	1	0.570759	0.15858	0.216267	0.195913
167	2	0.976743	1.377571	-0.596741	0.195913
168	1	0.470128	0.894559	-0.294002	-0.130428
169	1	-1.454477	-0.978599	-0.19432	-0.281558
170	1	-1.213741	-0.711005	-0.372308	-0.130428
171	1	-0.269907	-0.057902	0.069553	-0.281558
172	2	0.266181	0.300196	0.096412	-0.130428
173	2	-1.130529	-0.616962	-0.232009	-0.281558
174	1	0.789908	0.587405	0.484061	-0.281558
175	1	1.278574	1.066065	0.342937	-0.130428
176	2	0.181365	-0.155069	-0.33695	0.673384
177	2	1.08815	0.196629	0.218137	0.673384
178	2	2.527246	1.977152	-0.12329	0.673384
179	2	-0.74548	-1.030861	-0.388002	0.673384
180	1	0.951392	0.425088	0.330392	0.195913
181	2	-0.402783	-0.871254	0.411382	0.057089
182	1	0.303266	-0.28909	0.535266	0.057089
183	2	-0.644264	-1.356105	0.515928	0.195913
184	1	-1.217268	-1.801461	0.23715	0.347043
185	1	-1.768644	-2.124345	0.008658	0.347043
186	2	0.556767	0.146339	0.214515	0.195913
187	2	0.917598	0.684926	0.036759	0.195913
188	1	0.87028	-0.0925	0.615737	0.347043
189	2	1.307833	0.39001	0.72191	0.195913
190	1	-0.019558	-0.976675	0.610075	0.347043
191	1	-0.531039	-0.921618	0.043536	0.347043
192	2	-0.640913	-1.229363	0.241407	0.347043
193	1	0.134644	-0.368367	0.155968	0.347043
194	1	1.587237	0.602524	0.63767	0.347043
195	2	-0.138579	-1.524967	0.713004	0.673384
196	2	0.881206	0.528598	-0.320776	0.673384
197	2	1.152473	0.506088	-0.026999	0.673384
198	2	0.792377	0.030027	0.088966	0.673384
199	1	0.451833	0.723079	-0.467159	0.195913
200	1	-0.50968	-0.584428	-0.272294	0.347043
201	2	3.936262	2.4798	0.783079	0.673384
202	1	1.011993	0.084659	0.253951	0.673384
203	1	1.702178	0.466455	0.562339	0.673384
204	1	2.257936	1.776042	-0.191489	0.673384
205	1	-0.302492	-1.27163	0.295755	0.673384
206	2	0.645728	0.310377	-0.338033	0.673384
207	1	-0.381637	-1.149622	0.0946	0.673384
208	2	1.975001	0.702015	0.599602	0.673384
209	2	1.655744	0.740673	0.241687	0.673384
210	2	0.599003	-0.333253	0.258872	0.673384
211	1	0.862312	0.088152	0.100776	0.673384
212	1	0.265807	-0.387512	-0.020065	0.673384
213	1	-0.954265	-1.019547	-0.130631	0.195913
214	2	-0.639656	-0.798485	-0.037083	0.195913
215	1	-0.806699	-0.959964	-0.042647	0.195913
216	2	0.066215	0.362606	-0.014832	-0.281558
217	2	1.022831	0.726499	-0.050711	0.347043
218	2	0.052457	0.58431	-0.401426	-0.130428
219	2	0.512952	0.536362	0.107019	-0.130428
220	2	1.304057	1.299062	0.425377	-0.420382
221	1	0.172774	0.100221	0.015463	0.057089
222	1	-0.283178	-0.092691	-0.247576	0.057089
223	2	1.365826	1.146235	0.162502	0.057089
224	2	-0.605141	-0.769513	0.445931	-0.281558
225	1	0.309212	-0.327178	0.440477	0.195913
226	2	0.7188	0.655027	0.345331	-0.281558
227	2	-0.104224	-0.255581	0.432916	-0.281558
228	2	-1.137306	-0.199434	-0.51749	-0.420382
229	1	-0.361625	0.114911	-0.056154	-0.420382
230	2	0.543577	0.649251	-0.452717	0.347043
231	2	-1.145207	-0.124662	-0.600163	-0.420382
232	1	-0.719709	-0.420188	-0.017963	-0.281558
233	2	-1.599112	-1.025135	-0.292418	-0.281558
234	1	-0.599086	-1.113323	0.318324	0.195913
235	2	1.271538	0.727671	0.196824	0.347043
236	1	-0.158158	0.183744	0.078479	-0.420382
237	1	2.922628	1.707779	0.541465	0.673384
238	1	0.515339	-0.263811	0.105767	0.673384
239	1	1.985995	1.243448	0.546634	0.195913
240	2	1.393659	0.763089	0.283527	0.347043
241	2	-0.203308	-0.021105	-0.051775	-0.130428
242	1	-0.267099	-0.185032	-0.139157	0.057089
243	2	0.102076	0.358192	-0.125688	-0.130428
244	2	1.11497	1.074604	0.170794	-0.130428
245	1	1.448939	1.220963	0.032064	0.195913
246	1	-0.504322	-0.51339	0.290627	-0.281558
247	1	1.39682	1.516957	0.010291	-0.130428
248	2	-0.301486	-0.808471	0.311072	0.195913
249	1	-0.410526	-0.004383	0.014238	-0.420382
250	2	0.290196	0.040032	0.054251	0.195913
251	1	2.250952	1.429876	0.147692	0.673384
252	2	1.614911	1.311816	0.107182	0.195913
253	1	1.221374	0.555592	0.469869	0.195913
254	2	-0.841503	-0.634414	0.07447	-0.281558
255	2	1.38484	1.657696	-0.468769	0.195913
256	2	-1.420421	-0.577748	-0.561115	-0.281558
257	2	1.307761	1.375898	0.062292	-0.130428
258	1	-0.914863	-0.89858	0.114146	-0.130428
259	2	-0.834745	-0.748181	0.043864	-0.130428
260	2	0.86587	1.128613	-0.132315	-0.130428
261	2	-1.745687	-1.222889	-0.253546	-0.269252
262	2	0.532989	0.943795	-0.280377	-0.130428
263	2	-2.004519	-0.960559	-0.623579	-0.420382
264	2	1.057706	1.005099	-0.143305	0.195913
265	1	0.687595	0.634001	-0.293449	0.347043
266	1	0.20119	0.091844	-0.237697	0.347043
267	1	-0.158408	-0.026449	-0.327872	0.195913
268	1	0.659849	1.035466	-0.245189	-0.130428
269	2	1.221028	1.440728	-0.089272	-0.130428
270	2	-2.321635	-1.698759	-0.643578	0.020702
271	1	0.867046	0.808717	0.037627	0.020702
272	1	1.937809	1.398458	0.192309	0.347043
273	2	0.370074	-0.11837	0.141401	0.347043
274	1	0.240832	0.176635	0.194625	-0.130428
275	2	2.744279	2.851524	0.023183	-0.130428
276	1	-0.555307	-0.28225	0.008501	-0.281558
277	1	-0.260662	0.235517	-0.214621	-0.281558
278	2	1.999582	1.65886	0.14481	0.195913
279	1	-0.051801	0.232348	-0.00259	-0.281558
280	1	-0.804639	-0.567984	-0.257356	0.020702
281	2	0.031681	0.867613	-0.56668	-0.269252
282	1	-1.167091	-0.721295	-0.176544	-0.269252
283	2	-0.689413	0.13093	-0.689915	-0.130428
284	1	1.151821	1.006026	-0.050117	0.195913
285	1	1.09087	1.171639	-0.276682	0.195913
286	2	1.295538	1.435137	-0.00917	-0.130428
287	1	-0.68107	-0.509175	0.109663	-0.281558
288	1	0.255437	0.573672	-0.187806	-0.130428
289	2	-0.564387	0.104807	-0.387636	-0.281558
290	1	0.276795	0.388814	0.018409	-0.130428
291	2	0.538568	0.651789	-0.133923	0.020702
292	2	-0.53396	-0.098181	-0.154221	-0.281558
293	1	-0.300705	-0.521498	-0.12625	0.347043
294	2	-0.683142	-1.039002	0.159947	0.195913
295	1	0.773847	1.208775	-0.15337	-0.281558
296	1	-0.168891	-0.111848	-0.252956	0.195913
297	2	-0.812328	-0.200324	-0.481576	-0.130428
298	1	-0.296778	-0.392637	-0.100054	0.195913
299	2	1.223135	1.548132	-0.194569	-0.130428
300	1	-0.358346	-1.260358	0.228628	0.673384
301	1	0.776564	0.636004	0.083471	0.057089
302	2	1.071508	0.02859	0.369534	0.673384
303	1	0.087586	0.3958	0.112168	-0.420382
304	1	2.444008	1.986142	-0.215518	0.673384
305	1	-0.244172	-0.339048	-0.101037	0.195913
306	1	0.118692	-0.107545	0.030323	0.195913
307	1	-1.23162	-1.225394	-0.202139	0.195913
308	1	-0.976403	-1.147442	-0.024873	0.195913
309	2	-0.569168	-0.009089	-0.278521	-0.281558
310	2	-0.103451	-0.340674	0.04131	0.195913
311	1	1.17039	1.113551	0.338397	-0.281558
312	1	-0.254186	-0.230689	-0.21941	0.195913
313	1	0.753546	0.897624	-0.817462	0.673384
314	1	0.754365	0.7872	-0.228748	0.195913
315	1	0.117695	-0.580002	0.024313	0.673384
316	2	-0.403296	-0.40557	-0.193639	0.195913
317	1	1.22087	1.009792	0.015165	0.195913
318	2	-0.197196	-0.650725	0.257616	0.195913
319	2	1.465015	0.758793	0.032838	0.673384
320	1	0.497991	-0.110256	-0.065136	0.673384
321	1	0.134658	-0.577541	0.038815	0.673384
322	2	-0.454555	-0.177471	-0.146656	-0.130428
323	2	0.184206	0.091142	-0.253978	0.347043
324	2	-1.227899	-1.311314	-0.112497	0.195913
325	1	0.048848	-0.308175	-0.316361	0.673384
326	2	0.471627	0.312321	-0.036607	0.195913
327	1	0.950904	0.291129	-0.013609	0.673384
328	1	1.123612	0.839216	0.088482	0.195913
329	2	0.74867	0.491994	0.060764	0.195913
330	2	0.385637	0.19532	-0.005595	0.195913
331	2	0.089025	0.182385	0.188199	-0.281558
332	2	-1.252535	-0.49918	-0.949268	0.195913
333	1	-0.376246	0.149339	-0.395156	-0.130428
334	2	0.01922	0.006881	-0.183574	0.195913
335	1	-2.146716	-1.853682	-0.162606	-0.130428
336	2	-2.548694	-1.986207	-0.142105	-0.420382
337	1	-0.040523	-0.104064	0.19397	-0.130428
338	1	0.924383	0.394969	0.182372	0.347043
339	1	-0.067038	-0.666365	0.252284	0.347043
340	2	-0.348749	0.070982	-0.138172	-0.281558
341	1	-1.333291	-0.931543	-0.59766	0.195913
342	2	-0.348255	0.409774	-0.476471	-0.281558
343	1	-1.757058	-1.12476	-0.35074	-0.281558
344	2	0.206671	-0.136545	-0.330168	0.673384
345	1	-1.327109	-1.744161	-0.256332	0.673384
346	2	0.741447	-0.021842	0.089906	0.673384
347	2	1.438686	0.885509	-0.120207	0.673384
348	1	1.864822	1.783704	0.362676	-0.281558
349	1	1.079558	1.169751	0.191365	-0.281558
350	2	0.012964	-0.117992	0.412513	-0.281558
351	1	1.042853	0.747453	0.099487	0.195913
352	2	1.178564	1.305073	-0.322422	0.195913
353	1	0.249103	0.48287	-0.42968	0.195913
354	1	-1.146622	-0.585355	-0.430838	-0.130428
355	1	-0.975749	-1.075857	-0.246935	0.347043
356	1	2.357834	0.77619	0.90826	0.673384
357	2	1.336155	0.602412	0.060359	0.673384
358	2	0.773337	0.0137	0.086254	0.673384
359	1	0.604905	-0.295507	0.704499	0.195913
360	2	-0.208026	0.286598	-0.364196	-0.130428
361	2	0.88413	0.502324	-0.291577	0.673384
362	2	1.515655	1.015734	-0.173463	0.673384
363	2	0.663844	-0.06167	0.05213	0.673384
364	1	0.843404	0.293168	-0.123148	0.673384
365	2	0.870088	0.639642	0.034533	0.195913
366	2	1.392753	0.292443	0.426926	0.673384
367	2	0.448229	0.160005	0.092311	0.195913
368	1	1.242946	0.81915	0.227883	0.195913
369	2	1.442932	0.42555	0.343998	0.673384
370	1	-0.007052	-0.772618	0.092182	0.673384
371	2	2.461599	1.471759	0.316456	0.673384
372	1	0.078294	-0.068966	-0.048653	0.195913
373	2	-0.264716	-0.736713	-0.201387	0.673384
374	1	-1.172454	-1.322233	-0.046134	0.195913
375	1	0.737962	0.675749	-0.1337	0.195913
376	1	-0.195126	-0.339751	-0.051288	0.195913
377	1	-0.700555	-0.689917	0.270919	-0.281558
378	1	0.635682	0.436398	0.003371	0.195913
379	2	0.508822	0.390876	0.399504	-0.281558
380	2	0.63527	0.859649	0.057179	-0.281558
381	1	-0.258326	0.017311	0.005922	-0.281558
382	1	1.304255	1.051961	0.533852	-0.281558
383	1	-0.438499	-0.394342	0.237402	-0.281558
384	2	-2.8876	-1.881659	-0.58556	-0.420382
385	1	0.988366	1.755677	-0.34693	-0.420382
386	1	0.03609	0.251353	0.066296	-0.281558
387	2	-1.704591	-1.032636	-0.390397	-0.281558
388	1	1.471389	1.039481	0.235995	0.195913
389	1	-0.086869	0.227714	-0.184154	-0.130428
390	2	-0.28737	-0.496799	0.339857	-0.130428
391	2	0.547716	0.159441	0.192362	0.195913
392	1	-0.988868	-0.859846	0.001407	-0.130428
393	1	-0.135716	-0.032759	-0.29887	0.195913
394	1	-0.658121	-0.688331	0.160639	-0.130428
395	1	0.63503	0.376378	0.06274	0.195913
396	1	-0.497866	0.117241	-0.333549	-0.281558
397	2	0.218285	0.442348	0.057495	-0.281558
398	2	-0.628215	-0.361595	0.014938	-0.281558
399	1	0.745633	0.946266	0.080924	-0.281558
400	2	0.637813	1.080282	-0.022087	-0.420382
401	2	0.306327	0.115447	-0.005033	0.195913
402	2	0.483402	0.340811	-0.053322	0.195913
403	1	1.370773	1.12578	0.04908	0.195913
404	2	-0.329443	-0.176381	-0.348975	0.195913
405	1	1.44326	1.175476	0.071872	0.195913
406	1	-0.927776	-0.511528	-0.612161	0.195913
407	1	-0.833507	-0.869515	-0.159905	0.195913
408	2	-0.717331	-0.403836	-0.509407	0.195913
409	2	-0.410563	0.291077	-0.571212	-0.130428
410	2	-0.85135	-0.414359	-0.306564	-0.130428
411	2	-0.765671	-0.638979	-0.322605	0.195913
412	1	1.407764	2.096426	-0.26828	-0.420382
413	1	-0.2249	-0.056441	0.251923	-0.420382
414	2	-0.243018	-0.253442	-0.185488	0.195913
415	2	0.279623	0.191443	-0.107733	0.195913
416	2	-0.625088	-0.729128	-0.091873	0.195913
417	2	2.087571	1.321007	0.570651	0.195913
418	1	0.45029	0.012245	0.242132	0.195913
419	2	0.083148	-0.052041	-0.060724	0.195913
420	2	0.387659	-0.115133	0.155749	0.347043
421	2	0.703601	0.495881	0.011807	0.195913
422	2	1.036591	0.39249	0.297059	0.347043
423	2	-0.478433	-1.161469	0.487123	0.195913
424	2	-0.449744	-0.886183	-0.236944	0.673384
425	2	-0.460352	-0.674992	-0.458744	0.673384
426	2	-0.019843	-0.576574	-0.116652	0.673384
427	1	0.265441	-0.121299	0.039696	0.347043
428	2	0.565766	0.410739	-0.040886	0.195913
429	2	1.263082	0.494779	0.094919	0.673384
430	1	0.620002	-0.096013	0.520103	0.195913
431	2	0.044409	-0.556518	0.405015	0.195913
432	1	0.295222	0.010905	-0.062726	0.347043
433	1	0.479924	0.054349	0.078532	0.347043
434	1	1.134878	0.836044	-0.37455	0.673384
435	2	0.722807	0.042779	0.006644	0.673384
436	2	-0.423586	-1.800119	0.703149	0.673384
437	1	3.008873	1.35667	0.97882	0.673384
438	2	1.926348	0.412418	0.840546	0.673384
439	1	2.961344	1.383498	0.904462	0.673384
440	1	0.923257	0.14384	0.432374	0.347043
441	1	1.670138	0.986324	0.336771	0.347043
442	2	0.031888	-0.558974	0.24382	0.347043
443	1	-0.055591	-0.900451	0.497817	0.347043
444	2	1.778337	1.242838	0.339587	0.195913
445	1	-0.440539	-1.016093	0.379641	0.195913
446	2	-0.255502	-0.753209	0.301794	0.195913
447	2	0.184994	-0.055804	0.044886	0.195913
448	1	0.933944	0.60511	0.132922	0.195913
449	2	0.441684	-0.26697	0.512741	0.195913
450	2	-1.791952	-1.970828	-0.017037	0.195913
451	2	0.61172	0.456394	-0.040587	0.195913
452	2	0.53182	0.2654	0.070507	0.195913
453	1	-0.904513	-1.527567	-0.050329	0.673384
454	1	-0.748311	-0.724236	-0.219988	0.195913
455	2	-0.056858	-0.300701	0.04793	0.195913
456	2	1.347646	1.495472	-0.343739	0.195913
457	2	1.835936	1.469798	0.170225	0.195913
458	2	-1.813692	-1.793142	-0.216463	0.195913
459	2	-0.883299	-0.513104	-0.566108	0.195913
460	1	-0.594385	-0.840289	-0.101139	0.347043
461	1	1.221881	1.333034	-0.307065	0.195913
462	2	0.371161	0.475676	-0.300428	0.195913
463	2	-0.208154	0.116838	-0.520906	0.195913
464	1	0.508648	-0.168535	0.003799	0.673384
465	1	0.150422	-0.027423	-0.495539	0.673384
466	2	1.617878	1.362702	-0.418208	0.673384
467	2	-0.563084	-0.650488	-0.108508	0.195913
468	2	0.474693	0.7996	-0.52082	0.195913
469	2	1.69923	0.975804	0.050042	0.673384
470	2	0.640949	0.381077	0.06396	0.195913
471	2	1.060888	0.507916	-0.120412	0.673384
472	2	1.120814	0.75001	-0.30258	0.673384
473	2	1.242069	0.688676	-0.119991	0.673384
474	1	-0.388105	-0.557573	-0.026445	0.195913
475	1	0.921277	0.683394	0.04197	0.195913
476	2	0.077507	0.467969	-0.586375	0.195913
477	1	0.221978	0.028524	-0.002459	0.195913
478	1	-0.087787	-0.316982	0.033282	0.195913
479	1	-0.345098	-0.039378	-0.501633	0.195913
480	2	-0.720099	-1.079462	-0.314022	0.673384
481	1	0.126916	-0.516762	-0.029706	0.673384
482	2	-0.860979	-0.762927	-0.771436	0.673384
483	2	1.604638	1.456528	-0.047803	0.195913
484	2	1.26839	0.641394	-0.046388	0.673384
485	1	0.448541	0.006207	0.246421	0.195913
486	1	0.540955	0.026939	-0.159368	0.673384
487	1	0.518492	-0.195742	0.040851	0.673384
488	1	-0.230048	-0.207508	-0.369583	0.347043
489	1	-1.143897	-1.231296	-0.259643	0.347043
490	2	1.806018	1.410609	0.048366	0.347043
491	2	-0.938731	-0.876572	-0.409202	0.347043
492	1	0.199259	-0.463724	-0.010401	0.673384
493	1	0.574845	-0.469982	0.371444	0.673384
494	1	-0.126118	-0.710084	0.388052	0.195913
495	2	-1.128232	-1.165413	-0.158732	0.195913
496	1	-0.802167	-1.322579	-0.152972	0.673384
497	2	0.786028	0.15499	-0.042346	0.673384
498	1	1.515222	0.523012	0.318827	0.673384
499	2	-0.029332	-0.020125	-0.20512	0.195913
500	2	2.655901	1.705331	0.277187	0.673384
501	1	-0.199097	-1.766042	0.893561	0.673384
502	1	1.417846	0.643612	0.10085	0.673384
503	2	-0.447297	-1.29475	0.174069	0.673384
504	1	0.254322	-0.378985	-0.040077	0.673384
505	1	0.512615	0.046367	-0.207135	0.673384
506	2	0.804544	0.436511	-0.30535	0.673384
507	2	-1.239896	-1.926393	0.013113	0.673384
508	1	2.173645	1.306379	0.193882	0.673384
509	1	-0.264142	-0.518508	0.058454	0.195913
510	1	1.236297	0.532931	0.029982	0.673384
511	1	0.528856	0.24007	0.092874	0.195913
512	1	0.421766	-0.136146	0.362	0.195913
513	1	0.266126	-0.801166	0.393908	0.673384
514	1	2.228832	2.102459	-0.069539	0.195913
515	2	1.749525	0.93193	0.621681	0.195913
516	2	-0.178079	-1.025212	0.17375	0.673384
517	1	0.106422	-0.539776	-0.027187	0.673384
518	1	0.590462	0.186425	-0.269346	0.673384
519	1	-0.649593	-1.545413	0.222436	0.673384
520	2	0.047756	-0.825406	0.199779	0.673384
521	1	-1.415426	-1.753764	-0.008704	0.347043
522	1	0.96276	0.187185	0.102191	0.673384
523	2	0.244167	-0.594383	0.165167	0.673384
524	2	0.900814	0.157692	0.069739	0.673384
525	1	0.933849	0.238599	0.021866	0.673384
526	2	-0.103011	-0.442326	-0.334069	0.673384
527	2	1.466351	0.710998	0.081969	0.673384
528	2	-0.253276	-1.120647	0.193988	0.673384
529	1	0.928725	0.500962	0.080721	0.347043
530	2	-0.091739	-0.258125	-0.180657	0.347043
531	1	0.921469	-0.072401	0.320486	0.673384
532	1	1.373939	0.479919	0.698107	0.195913
533	2	2.080913	2.041686	-0.156686	0.195913
534	2	0.385289	-0.085331	0.274707	0.195913
535	1	-0.342156	-0.391771	-0.146297	0.195913
536	2	1.279662	1.025183	0.058566	0.195913
537	2	0.799746	1.195823	-0.114519	-0.281558
538	2	0.155458	-0.035327	0.472343	-0.281558
539	1	-0.562348	0.153633	-0.434422	-0.281558
540	2	0.226896	-0.33064	0.210493	0.347043
541	1	-0.880355	-0.9275	-0.299898	0.347043
542	1	0.466276	0.004364	0.114869	0.347043
543	2	-0.845628	-0.711875	0.147804	-0.281558
544	2	1.377102	0.637304	0.066415	0.673384
545	2	-0.045454	-0.436691	0.195323	0.195913
546	2	-0.146709	-0.583447	-0.236645	0.673384
547	2	-0.371512	-0.731313	0.163888	0.195913
548	2	-0.919874	-1.004864	-0.110923	0.195913
549	1	-0.791658	-0.026423	-0.483677	-0.281558
550	2	-0.207951	0.010075	-0.413939	0.195913
551	2	-0.409688	0.049968	-0.655569	0.195913
552	2	-0.456865	-0.932865	-0.197383	0.673384
553	1	-0.2233	-0.499732	0.080519	0.195913
554	2	0.561785	-0.273882	0.162283	0.673384
555	2	-0.809148	-1.43803	-0.044502	0.673384
556	1	-0.431363	-1.134336	0.029589	0.673384
557	1	1.210166	0.636207	-0.099425	0.673384
558	2	1.227707	0.861122	-0.306799	0.673384
559	1	-0.152066	-0.511161	0.163182	0.195913
560	1	0.70465	0.19074	-0.159473	0.673384
561	1	0.326996	-0.071743	-0.274645	0.673384
562	1	2.649586	2.094583	-0.118381	0.673384
563	1	0.504294	0.426377	-0.117996	0.195913
564	2	-0.476571	0.029039	-0.085228	-0.420382
565	2	0.26121	0.282277	-0.078156	0.057089
566	1	0.029852	0.468741	-0.308461	-0.130428
567	1	-0.590762	0.27884	-0.44922	-0.420382
568	2	1.133961	0.238224	0.222353	0.673384
569	1	-1.162209	-0.803333	-0.077318	-0.281558
570	1	-0.020753	-0.111792	-0.104874	0.195913
571	1	0.54097	0.426108	0.39642	-0.281558
572	1	0.065503	0.430435	-0.083373	-0.281558
573	1	0.658257	0.584805	-0.122461	0.195913
574	2	0.24817	0.142296	-0.090038	0.195913
575	2	-0.333777	-0.451843	-0.077847	0.195913
576	1	0.82432	0.556782	-0.079504	0.347043
577	2	1.006427	0.758975	-0.099591	0.347043
578	1	0.239576	0.214593	-0.322059	0.347043
579	2	-0.820794	-0.379206	-0.31116	-0.130428
580	1	-0.662605	-0.315196	-0.543322	0.195913
581	1	0.212265	-0.117662	-0.343457	0.673384
582	2	1.306549	0.568918	0.064247	0.673384
583	2	2.392281	2.349812	-0.153444	0.195913
584	2	1.859419	1.392656	0.119721	0.347043
585	1	-0.055261	-0.762783	0.034137	0.673384
586	2	-1.387157	-1.390049	-0.193021	0.195913
587	1	0.440848	0.107298	-0.013492	0.347043
588	2	-1.165199	-0.924504	0.040863	-0.281558
589	1	-0.188886	-0.392218	-0.470052	0.673384
590	1	-0.151579	0.272875	-0.142896	-0.281558
591	2	1.96388	1.326538	-0.036042	0.673384
592	2	0.815639	0.14081	0.001446	0.673384
593	1	2.234437	1.753948	0.284576	0.195913
594	2	0.950888	0.494441	-0.216937	0.673384
595	1	1.42701	1.161749	0.069349	0.195913
596	1	0.060057	-0.809935	0.196608	0.673384
597	1	-0.22851	-0.638342	0.213919	0.195913
598	2	0.939735	0.705061	0.516232	-0.281558
599	1	0.174416	-0.505133	0.006165	0.673384
600	1	0.452811	-0.509107	0.288535	0.673384
601	1	2.368009	1.69949	0.472607	0.195913
602	1	0.94891	-0.268618	0.544145	0.673384
603	1	0.472858	-0.366357	0.643302	0.195913
604	1	0.39188	0.485027	-0.28906	0.195913
605	1	-0.254397	0.15697	-0.129809	-0.281558
606	2	0.405766	0.598621	-0.388768	0.195913
607	1	-0.453817	-0.35745	-0.29228	0.195913
608	2	0.139058	-0.448497	0.391643	0.195913
609	2	0.395789	-0.35744	0.406186	0.347043
610	2	-0.217306	-0.260346	0.173468	-0.130428
611	1	-0.680482	-0.864545	-0.011849	0.195913
612	1	0.827375	1.499337	-0.541533	-0.130428
613	2	0.149369	0.444357	-0.16456	-0.130428
614	1	1.194154	0.809268	0.037843	0.347043
615	1	1.438041	1.00764	0.083358	0.347043
616	1	-0.839086	-0.776492	-0.258507	0.195913
617	1	-1.216919	-0.911515	-0.501317	0.195913
618	2	1.122183	0.727337	-0.278538	0.673384
619	1	-0.272092	0.115689	-0.106222	-0.281558
620	1	0.2475	0.337612	-0.437155	0.347043
621	2	0.272795	0.62905	-0.074697	-0.281558
622	1	-0.813208	0.117097	-0.648747	-0.281558
623	1	-0.7094	-0.421383	-0.63506	0.347043
624	2	1.231808	1.598988	-0.563092	0.195913
625	1	-0.479288	-0.722066	-0.430605	0.673384
626	2	2.571703	2.326077	0.049713	0.195913
627	2	0.430407	0.55773	-0.323236	0.195913
628	2	0.884589	0.780824	0.046676	0.057089
629	2	-0.691879	0.124486	-0.395984	-0.420382
630	1	0.328941	1.163552	-0.553052	-0.281558
631	1	-1.946592	-1.315245	-0.688437	0.057089
632	2	1.302965	0.419689	0.209893	0.673384
633	1	0.238007	0.09078	-0.048686	0.195913
634	2	-2.798478	-2.136704	-0.380216	-0.281558
635	2	-1.118452	-1.213174	-0.578662	0.673384
636	2	1.66609	1.587081	-0.594375	0.673384
637	1	-0.268939	-0.526786	0.061934	0.195913
638	2	1.353394	0.677507	0.002503	0.673384
639	2	0.307344	-0.352022	-0.014018	0.673384
640	1	1.786479	1.759723	-0.169156	0.195913
641	1	1.763313	1.48938	0.07802	0.195913
642	1	0.65888	0.402382	0.060586	0.195913
643	2	-0.322551	-0.436394	-0.08207	0.195913
644	1	-0.500132	-0.511338	-0.184706	0.195913
645	2	0.643907	0.245927	-0.275404	0.673384
646	2	-0.196705	-0.040093	0.124946	-0.281558
647	2	-0.545297	0.040353	-0.304092	-0.281558
648	2	-0.382466	-0.421383	-0.156996	0.195913
649	2	0.59954	1.0078	-0.126702	-0.281558
650	2	0.083059	0.090202	-0.203056	0.195913
651	2	-0.952112	-0.339659	-0.330895	-0.281558
652	1	-0.616108	0.059956	-0.394506	-0.281558
653	2	-0.229771	0.771975	-0.720188	-0.281558
654	2	0.245792	0.618288	-0.090938	-0.281558
655	2	1.252033	1.809389	-0.275798	-0.281558
656	2	-0.904226	-0.999593	-0.100546	0.195913
657	2	-0.401475	-0.213501	-0.383888	0.195913
658	1	-1.101244	-0.849198	-0.599089	0.347043
659	2	0.859952	0.945514	-0.432605	0.347043
660	2	-0.857125	-0.103437	-0.472129	-0.281558
661	2	-0.234027	0.425818	-0.529417	-0.130428
662	2	-1.798833	-0.703871	-0.813404	-0.281558
663	2	-0.077668	0.260937	-0.057046	-0.281558
664	2	0.164206	0.327682	-0.510519	0.347043
665	2	-1.23179	-1.234006	-0.193696	0.195913
666	2	0.609177	0.70205	-0.439916	0.347043
667	2	0.47222	0.334726	-0.058419	0.195913
668	2	-0.163798	0.049755	-0.560596	0.347043
669	2	0.032319	0.11592	-0.430643	0.347043
670	2	1.340986	1.7106	-0.716658	0.347043
671	2	0.301389	0.630322	-0.524846	0.195913
672	1	-2.39268	-2.479175	-0.109418	0.195913
673	1	-0.478677	-0.493539	-0.332181	0.347043
674	2	0.278736	0.125088	-0.042265	0.195913
675	2	0.464787	0.243159	0.025715	0.195913
676	1	-0.466731	-0.129303	-0.05587	-0.281558
677	1	-0.311273	0.7423	-0.923145	-0.130428
678	2	-0.352103	0.280937	-0.351482	-0.281558
679	2	-1.391112	-0.885489	-0.224065	-0.281558
680	1	0.217346	0.515634	-0.494201	0.195913
681	2	-0.870358	-0.635313	-0.582087	0.347043
682	1	-1.816359	-1.263969	-0.748303	0.195913
683	2	0.64411	0.216359	0.231838	0.195913
684	1	-0.679644	0.143705	-0.692921	-0.130428
685	2	-0.051478	0.438024	-0.359074	-0.130428
686	1	-0.441148	0.527016	-0.686606	-0.281558
687	1	0.737298	0.779639	0.239217	-0.281558
688	1	1.419698	1.403753	-0.179968	0.195913
689	1	-1.755035	-1.659951	-0.442127	0.347043
690	1	0.016053	0.363015	-0.542875	0.195913
691	1	-0.248157	0.109952	-0.554021	0.195913
692	1	-0.221781	0.704615	-0.644837	-0.281558
693	2	-1.179742	-0.377877	-0.520307	-0.281558
694	2	-0.265313	0.442716	-0.577601	-0.130428
695	2	-0.410443	0.032111	-0.312126	-0.130428
696	2	0.05639	0.519102	-0.658625	0.195913
697	1	0.026075	-0.741821	0.094512	0.673384
698	1	0.540046	-0.29824	0.164903	0.673384
699	2	0.145926	0.549449	-0.599436	0.195913
700	1	-0.953927	-0.498771	-0.651069	0.195913
701	1	0.506383	0.309477	0.000993	0.195913
702	2	-0.535666	-0.484733	-0.246846	0.195913
703	2	-0.877046	-1.392878	-0.157552	0.673384
704	1	-0.436161	0.320253	-0.474856	-0.281558
705	1	0.226749	1.250755	-0.742447	-0.281558
706	1	-1.922958	-1.331537	-0.309863	-0.281558
707	2	-1.525601	-0.925979	-0.318064	-0.281558
708	2	-0.511309	-0.254889	-0.452332	0.195913
709	1	-1.03823	-0.876723	-0.35742	0.195913
710	1	1.866905	1.135361	0.058161	0.673384
711	1	0.248892	-0.423888	-0.000604	0.673384
712	2	-1.741715	-1.006444	-0.453713	-0.281558
713	1	-1.81428	-1.505032	-0.02769	-0.281558
714	2	-0.238064	-0.167551	-0.266426	0.195913
715	1	0.438274	0.189595	0.052766	0.195913
716	2	0.326853	-0.175508	-0.171023	0.673384
717	2	0.325401	-0.144607	-0.203376	0.673384
718	1	-0.426622	-1.040782	-0.059223	0.673384
719	2	-1.312486	-1.472331	-0.036067	0.195913
720	2	-0.397293	-0.089965	-0.02577	-0.281558
721	1	1.212619	1.383765	-0.367059	0.195913
722	1	1.103974	1.166803	-0.258742	0.195913
723	1	0.118194	-0.049629	-0.02809	0.195913
724	1	1.619701	2.02269	-0.598901	0.195913
725	2	-0.429995	-0.022281	-0.126156	-0.281558
726	1	1.07845	1.343669	-0.938602	0.673384
727	1	0.477909	0.196202	-0.391677	0.673384
728	1	-2.154506	-1.841356	-0.031592	-0.281558
729	1	0.183414	0.275991	-0.28849	0.195913
730	1	0.689044	0.664295	-0.171164	0.195913
731	2	1.305264	1.410499	0.176323	-0.281558
732	2	-1.193249	-0.662347	-0.249344	-0.281558
733	2	0.626698	0.791526	-0.36074	0.195913
734	2	1.222779	1.705125	-0.200787	-0.281558
735	2	0.709862	0.860574	-0.346625	0.195913
736	1	0.495426	-0.043863	0.192247	0.347043
737	1	0.190852	-0.3372	-0.145331	0.673384
738	2	-1.375372	-1.755304	0.032889	0.347043
739	1	0.858183	0.548828	-0.364029	0.673384
740	1	0.828991	0.429089	-0.273482	0.673384
741	1	0.510997	0.506019	-0.342065	0.347043
742	2	0.924825	0.266131	-0.014689	0.673384
743	2	-0.290534	-0.764783	0.127206	0.347043
744	2	0.512482	0.361399	-0.19596	0.347043
745	1	1.430013	1.374829	-0.291859	0.347043
746	1	0.413826	-0.104231	-0.155328	0.673384
747	2	0.768029	0.726204	-0.305218	0.347043
748	2	-1.376659	-2.041515	-0.008528	0.673384
749	2	1.442072	0.588563	0.180125	0.673384
750	1	0.096266	-0.10132	-0.475798	0.673384
751	2	1.606882	0.79843	0.135068	0.673384
752	2	-0.109998	-0.248789	-0.534593	0.673384
753	1	-0.091395	0.060835	-0.499272	0.347043
754	1	-0.27087	0.374069	-0.514511	-0.130428
755	2	-0.814787	-0.485403	-0.676427	0.347043
756	2	0.574921	-0.191913	0.09345	0.673384
757	1	1.457143	1.834832	-0.573601	0.195913
758	2	2.372313	2.197857	-0.498927	0.673384
759	2	-0.840324	-1.240062	0.203825	0.195913
760	2	-0.227251	-0.789308	-0.111327	0.673384
761	2	0.108	-0.103643	0.015731	0.195913
762	1	1.357202	0.743369	-0.05955	0.673384
763	2	0.932327	0.223257	0.035686	0.673384
764	1	0.841129	0.235982	-0.068237	0.673384
765	2	-0.789226	-0.844003	-0.292266	0.347043
766	1	0.212023	0.176067	-0.311086	0.347043
767	1	-1.04915	-0.840182	-0.556011	0.347043
768	1	0.413708	0.488476	-0.421811	0.347043
769	2	0.654497	0.49839	-0.517277	0.673384
770	1	0.685448	0.37926	-0.367196	0.673384
771	2	2.088678	1.853957	-0.438664	0.673384
772	1	-2.196499	-1.885867	-0.506545	0.195913
773	1	-0.167505	0.124178	-0.161255	-0.130428
774	2	-0.787222	-0.425146	-0.231648	-0.130428
775	1	-2.121225	-1.723916	-0.744352	0.347043
776	2	0.932591	1.001851	-0.265173	0.195913
777	1	0.733641	0.659958	-0.12223	0.195913
778	1	-0.549639	-0.680267	-0.065285	0.195913
779	2	-2.130176	-1.964814	-0.361275	0.195913
780	2	0.755304	-0.004792	0.086712	0.673384
781	2	2.343132	1.21217	0.457578	0.673384
782	2	1.011962	0.540812	0.124107	0.347043
783	2	-1.17657	-1.330468	-0.193144	0.347043
784	2	2.412781	1.908255	0.308613	0.195913
785	2	-0.216955	-0.368841	-0.044027	0.195913
786	1	0.917728	0.679416	0.0424	0.195913
787	1	-1.239254	-1.786887	0.35172	0.195913
788	2	0.643988	0.21926	-0.248656	0.673384
789	1	1.357856	0.476516	0.207956	0.673384
790	2	3.33799	2.907398	-0.242792	0.673384
791	2	1.506097	1.033794	-0.201082	0.673384
792	2	0.659546	0.975112	-0.511478	0.195913
793	2	-0.30991	-0.721915	-0.261378	0.673384
794	2	-2.793272	-2.991107	-0.475548	0.673384
795	1	0.049942	0.191827	-0.337797	0.195913
796	1	-0.06438	-0.258273	-0.479491	0.673384
797	2	0.208355	-0.241431	0.102744	0.347043
798	1	0.737623	0.716387	-0.325806	0.347043
799	1	-0.511443	-0.556097	-0.302389	0.347043
800	1	-1.435106	-1.583088	-0.047931	0.195913
801	1	-1.175548	-1.609483	0.238022	0.195913
802	2	-0.904537	-0.985112	-0.115338	0.195913
803	2	-0.241335	-0.344981	-0.092267	0.195913
804	1	1.637306	0.53591	0.428013	0.673384
805	2	2.457831	1.439782	0.344665	0.673384
806	1	1.744041	0.869906	0.200751	0.673384
807	2	0.84267	-0.127769	0.297055	0.673384
808	1	0.070824	0.408113	-0.533201	0.195913
809	1	0.035055	-0.130175	-0.030683	0.195913
810	2	-0.935662	-0.822547	-0.309028	0.195913
811	1	-0.4489	-0.275068	-0.369745	0.195913
812	2	-1.080103	-0.8717	-0.404316	0.195913
813	2	0.027613	0.065859	-0.385289	0.347043
814	1	0.77808	0.212267	0.218771	0.347043
815	1	-0.563818	-0.477879	-0.281852	0.195913
816	1	0.654674	-0.116551	0.097842	0.673384
817	1	0.503303	0.0147	0.29269	0.195913
818	1	0.098306	0.064181	-0.161788	0.195913
819	1	0.29804	-0.467819	0.092475	0.673384
820	1	0.516814	0.207787	0.113115	0.195913
821	1	-0.149337	0.264845	-0.610095	0.195913
822	2	-1.662759	-2.248816	0.390145	0.195913
823	2	-0.329923	0.001046	-0.526882	0.195913
824	1	-0.207039	-0.226051	-0.1769	0.195913
825	1	0.236284	0.071297	-0.030926	0.195913
826	2	0.186351	-0.030972	0.02141	0.195913
827	2	-0.894371	-1.200829	0.110545	0.195913
828	2	-0.037114	-0.061061	-0.171966	0.195913
829	1	0.732163	0.003865	0.054915	0.673384
830	1	-0.852586	-1.051871	0.003372	0.195913
831	2	0.776728	1.43273	-0.851914	0.195913
832	1	0.499991	0.634188	-0.33011	0.195913
833	2	-0.197025	-0.861487	0.468549	0.195913
834	1	-0.762063	-0.186225	-0.294279	-0.281558
835	1	0.163813	0.491973	-0.524073	0.195913
836	1	0.326779	-0.296836	-0.049769	0.673384
837	2	0.016302	0.293662	0.004199	-0.281558
838	1	-0.385434	-0.153141	-0.428205	0.195913
839	2	0.995288	0.791258	-0.469354	0.673384
840	1	-0.80567	-0.39137	-0.610213	0.195913
841	2	0.48791	0.711158	-0.41916	0.195913
842	1	-0.809395	-0.776508	-0.2288	0.195913
843	1	-0.282669	-0.039802	0.038691	-0.281558
844	2	-0.703281	-1.318305	-0.05836	0.673384
845	1	0.581484	0.51151	-0.125939	0.195913
846	2	-1.135033	-1.384744	0.053799	0.195913
847	1	-0.677937	-0.721729	-0.152122	0.195913
848	2	-0.425559	-0.050573	-0.244558	-0.130428
849	1	1.432246	0.842916	-0.084054	0.673384
850	1	0.103998	-0.191069	-0.378317	0.673384
851	1	-0.652051	-0.604393	0.082771	-0.130428
852	1	-0.562936	-0.788517	0.029668	0.195913
853	2	-1.71066	-1.755502	-0.151071	0.195913
854	1	0.406305	0.350512	-0.14012	0.195913
855	2	-0.797828	-0.756996	-0.236744	0.195913
856	2	-0.879266	-0.706477	0.108769	-0.281558
857	2	-0.277194	-0.361624	0.365988	-0.281558
858	2	-1.151376	-0.52227	-0.347548	-0.281558
859	2	0.165253	0.396344	0.050468	-0.281558
860	2	0.511285	0.726659	-0.411287	0.195913
861	1	-0.875502	-0.717589	-0.353825	0.195913
862	2	-0.454389	-0.225377	-0.424925	0.195913
863	2	1.927744	2.212977	-0.481146	0.195913
864	1	-1.05243	-1.42499	0.176647	0.195913
865	1	-0.634354	-0.42173	-0.408537	0.195913
866	1	1.869026	1.523639	0.149474	0.195913
867	1	0.400229	0.585013	-0.380697	0.195913
868	2	1.360906	1.624064	0.0184	-0.281558
869	1	0.515958	1.028247	-0.23073	-0.281558
870	1	-0.652337	-0.182404	-0.188375	-0.281558
871	2	-1.304716	-1.032068	0.00891	-0.281558
872	1	-0.145184	0.16871	-0.032336	-0.281558
873	1	2.357676	1.609807	0.551956	0.195913
874	2	0.585512	0.598377	-0.208777	0.195913
875	2	-0.085074	-0.529164	0.248177	0.195913
876	2	0.589546	1.098056	-0.226952	-0.281558
877	2	0.241957	0.659871	-0.136356	-0.281558
878	1	-0.993441	-0.667054	-0.044829	-0.281558
879	2	-1.457153	-1.110919	-0.064676	-0.281558
880	1	-0.785656	-0.79587	-0.185698	0.195913
881	1	-1.275252	-1.522973	0.051808	0.195913
882	1	2.614861	2.171115	0.247833	0.195913
883	2	0.85105	0.607679	0.047458	0.195913
884	1	-1.863093	-1.061027	-0.520507	-0.281558
885	1	-1.527156	-0.733485	-0.512112	-0.281558
886	1	-0.745933	-0.607472	-0.334373	0.195913
887	1	1.097296	1.190146	-0.288763	0.195913
888	2	-1.728697	-1.133948	-0.313191	-0.281558
889	2	-0.738784	-0.400486	-0.05674	-0.281558
890	1	-0.741821	-0.397735	-0.062528	-0.281558
891	1	-1.228859	-0.676437	-0.270863	-0.281558
892	2	1.077067	0.793233	0.087921	0.195913
893	1	0.378664	1.069006	-0.408784	-0.281558
894	2	-0.03074	-0.190839	-0.035814	0.195913
895	1	-1.597423	-1.368317	0.052452	-0.281558
896	2	-0.402595	-0.871619	-0.204361	0.673384
897	1	-0.643838	-0.970165	-0.347057	0.673384
898	2	0.055959	-0.619609	0.002184	0.673384
899	1	0.041364	-0.617615	-0.014405	0.673384
900	2	0.722777	0.712155	-0.662762	0.673384
901	1	0.694788	0.249718	-0.228314	0.673384
902	2	0.894074	0.467266	-0.246576	0.673384
903	2	0.522358	0.087945	-0.23897	0.673384
904	1	-0.332964	-0.891369	0.362492	0.195913
905	1	-0.074006	-0.278566	0.008647	0.195913
906	2	-0.227023	-0.163641	-0.259295	0.195913
907	1	-0.191544	-0.353852	-0.033605	0.195913
908	2	0.86995	-0.087387	0.283954	0.673384
909	2	-0.645854	-0.83144	-0.010327	0.195913
910	2	0.449443	0.76555	-0.51202	0.195913
911	2	1.210503	0.682924	-0.145804	0.673384
912	1	-1.471444	-1.593767	-0.224719	0.347043
913	2	0.311054	-0.368092	0.005763	0.673384
914	2	0.639737	0.358828	-0.066134	0.347043
915	1	-0.625466	-0.953197	-0.345653	0.673384
916	1	0.340614	0.085324	-0.091752	0.347043
917	2	0.422243	-0.011569	0.086768	0.347043
918	2	3.072035	2.905772	-0.02965	0.195913
919	1	0.007659	-0.085411	-0.253972	0.347043
920	1	1.932418	1.812528	-0.076024	0.195913
921	2	-1.175199	-1.139578	-0.231533	0.195913
922	1	1.066145	0.950891	-0.080658	0.195913
923	1	0.125496	0.083217	-0.153633	0.195913
924	2	3.030097	2.225429	0.131284	0.673384
925	2	0.96197	-0.063545	0.352131	0.673384
926	2	0.172546	-0.313953	-0.186884	0.673384
927	1	0.427569	-0.280458	0.034642	0.673384
928	2	0.72369	0.760527	-0.383879	0.347043
929	1	-1.184586	-1.238278	-0.29335	0.347043
930	2	0.368687	-0.255619	-0.049078	0.673384
931	1	-0.505101	-0.533582	-0.318562	0.347043
932	1	-1.622882	-1.458131	-0.360664	0.195913
933	1	-0.140614	-1.0474	0.233403	0.673384
934	1	2.56055	1.77568	0.111486	0.673384
935	1	-2.136863	-2.05358	-0.279195	0.195913
936	2	-0.007589	-0.935993	0.255021	0.673384
937	2	0.771337	0.103421	-0.005468	0.673384
938	2	0.547352	-0.192455	0.066423	0.673384
939	2	-0.261452	-0.35899	-0.249504	0.347043
940	2	0.422663	-0.010981	-0.23974	0.673384
941	1	0.234759	-0.048648	-0.063636	0.347043
942	2	0.850197	0.67391	-0.170755	0.347043
943	2	0.28239	-0.138929	-0.252065	0.673384
944	1	1.808747	1.031086	0.581748	0.195913
945	1	2.342302	2.305539	-0.159149	0.195913
946	2	0.305672	-0.232586	-0.135125	0.673384
947	1	0.10839	-0.106176	0.018653	0.195913
948	1	0.507681	0.398182	-0.237544	0.347043
949	1	-0.691968	-0.901792	-0.137219	0.347043
950	1	-0.227579	-0.067944	-0.355548	0.195913
951	1	-0.911854	-1.275054	0.167287	0.195913
952	2	1.653187	0.909361	0.070442	0.673384
953	2	2.341165	1.527878	0.139903	0.673384
954	1	-0.779227	-1.475239	0.500099	0.195913
955	1	1.090909	0.486762	-0.069237	0.673384
956	2	-0.027866	0.063973	-0.287752	0.195913
957	2	1.156366	0.745353	-0.262371	0.673384
958	2	-1.599973	-1.220691	-0.575195	0.195913
959	2	0.062845	-0.458184	-0.152354	0.673384
960	2	1.499709	0.399074	0.427251	0.673384
961	1	0.255699	-0.754416	0.33673	0.673384
962	2	0.605866	-0.494098	0.42658	0.673384
963	2	-0.173545	-1.231786	0.384857	0.673384
964	1	0.684595	0.128235	-0.117024	0.673384
965	2	-0.788851	-1.335545	-0.12669	0.673384
966	2	-0.066779	-0.751238	0.011075	0.673384
967	1	-0.088144	-0.629515	-0.132013	0.673384
968	2	0.403758	-0.244194	0.30091	0.347043
969	2	-0.756862	-1.197538	-0.232707	0.673384
970	1	0.83806	0.984953	-0.493936	0.347043
971	2	-0.840398	-1.033823	-0.153618	0.347043
972	1	1.317485	1.237077	-0.266635	0.347043
973	2	1.755323	1.169814	-0.087875	0.673384
974	1	0.73996	-0.128115	0.194692	0.673384
975	2	1.090191	0.392707	0.0241	0.673384
976	1	-0.299485	-0.257473	-0.237924	0.195913
977	1	0.415271	0.584747	-0.365389	0.195913
978	2	2.264671	1.34996	0.241327	0.673384
979	1	0.873934	0.521438	-0.320888	0.673384
980	1	-0.929726	-0.49422	-0.153948	-0.281558
981	2	0.120405	-0.459217	0.383709	0.195913
982	2	-0.852114	-0.989113	0.418557	-0.281558
983	1	1.92093	1.447006	0.278011	0.195913
984	1	-1.761283	-1.573044	-0.05781	-0.130428
985	1	-0.731069	-1.503806	0.099353	0.673384
986	2	1.290022	0.627116	-0.010478	0.673384
987	2	0.327213	0.306462	-0.326292	0.347043
988	2	3.917408	3.077912	0.166113	0.673384
989	2	-0.213874	-0.614463	0.204676	0.195913
990	2	1.311465	0.481437	0.156644	0.673384
991	2	0.256748	-0.451526	0.034891	0.673384
992	2	1.757532	1.327764	0.082725	0.347043
993	2	0.018259	-0.086682	0.235369	-0.130428
994	2	0.795187	-0.066201	0.514346	0.347043
995	2	-0.838645	-0.883437	0.17522	-0.130428
996	1	-1.79505	-1.728029	-0.262934	0.195913
997	1	-2.155918	-1.614557	-0.259803	-0.281558
998	1	-0.133793	0.054857	-0.384562	0.195913
999	1	-0.150864	-0.26909	-0.077687	0.195913
1000	1	-0.276124	0.078906	-0.073472	-0.281558
1001	2	-1.172147	-0.868572	-0.022017	-0.281558
1002	1	0.496807	0.867037	-0.088672	-0.281558
1003	2	0.195691	1.085038	-0.607789	-0.281558
1004	2	-1.315838	-0.661042	-0.524368	-0.130428
1005	2	-1.133863	-1.068743	-0.412163	0.347043
1006	2	-0.045067	0.614701	-0.37821	-0.281558
1007	2	-1.354598	-1.153095	-0.071075	-0.130428
1008	1	-0.438049	-0.257241	0.10075	-0.281558
1009	1	0.337342	1.092196	-0.473295	-0.281558
1010	2	-0.222076	-0.76945	0.351461	0.195913
1011	2	0.444696	0.665009	0.061245	-0.281558
1012	1	-0.022667	-0.551802	0.333223	0.195913
1013	2	-0.241705	-0.422193	-0.015425	0.195913
1014	1	-0.256023	0.049963	-0.024428	-0.281558
1015	1	-0.485923	-0.250582	0.046218	-0.281558
1016	1	-0.149793	-0.638762	-0.184415	0.673384
1017	1	-2.245003	-1.984202	-0.456714	0.195913
1018	1	-1.077041	-1.202292	-0.070662	0.195913
1019	1	0.421905	-0.308131	0.056651	0.673384
1020	1	0.374998	0.521703	-0.342618	0.195913
1021	2	-1.311594	-1.078731	-0.428775	0.195913
1022	1	0.217777	0.255694	-0.23383	0.195913
1023	1	-0.702709	-0.950984	0.052362	0.195913
1024	1	-0.053029	-0.649969	0.249897	0.347043
1025	1	0.028705	-0.558205	-0.086475	0.673384
1026	1	-0.711825	-1.056476	-0.002392	0.347043
1027	1	1.181134	0.634316	0.199775	0.347043
1028	1	0.518755	-0.117106	-0.037523	0.673384
1029	1	1.27666	0.406455	0.19682	0.673384
1030	1	1.226599	0.707497	-0.154282	0.673384
1031	2	0.554137	0.146685	-0.265932	0.673384
1032	1	1.353187	1.407381	-0.250107	0.195913
1033	2	1.973228	1.456729	-0.156884	0.673384
1034	1	-0.795943	-0.951646	-0.04021	0.195913
1035	2	-0.392698	-1.00512	-0.060962	0.673384
1036	1	0.205814	-0.144325	-0.323245	0.673384
1037	2	-0.231106	-0.727463	-0.177027	0.673384
1038	1	0.196533	-0.024328	-0.452523	0.673384
1039	2	-0.641053	-1.186457	-0.127979	0.673384
1040	2	-1.605547	-1.117885	-0.683575	0.195913
1041	2	-0.060261	-0.1815	-0.552144	0.673384
1042	1	1.444528	0.976765	-0.205621	0.673384
1043	2	-0.118959	-0.234382	-0.557961	0.673384
1044	2	-0.37809	-0.661893	0.087891	0.195913
1045	2	1.448446	0.735939	0.516595	0.195913
1046	1	-1.116549	-0.877133	-0.435329	0.195913
1047	2	-0.234648	-0.708388	-0.199643	0.673384
1048	1	2.735446	2.400474	0.13906	0.195913
1049	2	-0.396476	-0.531015	-0.061374	0.195913
1050	1	-1.261644	-1.129035	-0.328522	0.195913
1051	1	1.162008	0.98603	-0.019935	0.195913
1052	1	0.949753	0.070889	0.20548	0.673384
1053	2	0.440744	-0.426596	0.193956	0.673384
1054	1	0.206792	-0.585682	0.119089	0.673384
1055	2	1.851718	0.90763	0.270704	0.673384