1	0	0
2	0	0
3	0	0
4	0	0
5	0	0
6	0	0
7	0	0
8	0	0
9	0	0
10	0	0
11	0	0
12	0	0
13	0	0
14	0	0
15	0	0
16	0	0
17	0	0
18	0	0
19	0	0
20	0	0
21	0	0
22	0	0
23	0	0
24	0	0
25	0	0
26	0	0
27	0	0
28	0	0
29	0	0
30	0	0
31	0	0
32	0	0
33	0	0
34	0	0
35	0	0
36	0	0
37	0	0
38	0	0
39	0	0
40	0	0
41	0	0
42	0	0
43	0	0
44	0	0
45	0	0
46	0	0
47	0	0
48	0	0
49	0	0
50	0	0
51	0	0
52	0	0
53	0	0
54	0	0
55	0	0
56	4	33
57	4	33
58	4	33
59	4	33
60	4	25
61	4	25
62	4	25
63	4	25
64	4	54
65	4	54
66	4	54
67	4	54
68	4	46
69	4	46
70	4	46
71	4	46
72	4	11
73	4	11
74	4	11
75	4	11
76	4	24
77	4	24
78	4	24
79	4	24
80	4	17
81	4	17
82	4	17
83	4	17
84	4	16
85	4	16
86	4	16
87	4	16
88	4	8
89	4	8
90	4	8
91	4	8
92	4	27
93	4	27
94	4	27
95	4	27
96	2	53
97	2	53
98	2	53
99	2	53
100	2	50
101	2	50
102	2	50
103	2	50
104	2	18
105	2	18
106	2	18
107	2	18
108	2	55
109	2	55
110	2	55
111	2	55
112	2	22
113	2	22
114	2	22
115	2	22
116	2	39
117	2	39
118	2	39
119	2	39
120	2	6
121	2	6
122	2	6
123	2	6
124	2	10
125	2	10
126	2	10
127	2	10
128	2	34
129	2	34
130	2	34
131	2	34
132	2	15
133	2	15
134	2	15
135	2	15
136	3	52
137	3	52
138	3	52
139	3	52
140	3	12
141	3	12
142	3	12
143	3	12
144	3	40
145	3	40
146	3	40
147	3	40
148	3	38
149	3	38
150	3	38
151	3	38
152	3	32
153	3	32
154	3	32
155	3	32
156	3	29
157	3	29
158	3	29
159	3	29
160	3	21
161	3	21
162	3	21
163	3	21
164	3	51
165	3	51
166	3	51
167	3	51
168	3	23
169	3	23
170	3	23
171	3	23
172	3	43
173	3	43
174	3	43
175	3	43
176	5	49
177	5	49
178	5	49
179	5	49
180	5	13
181	5	13
182	5	13
183	5	13
184	5	14
185	5	14
186	5	14
187	5	14
188	5	42
189	5	42
190	5	42
191	5	42
192	5	41
193	5	41
194	5	41
195	5	41
196	5	37
197	5	37
198	5	37
199	5	37
200	5	7
201	5	7
202	5	7
203	5	7
204	5	36
205	5	36
206	5	36
207	5	36
208	5	20
209	5	20
210	5	20
211	5	20
212	5	30
213	5	30
214	5	30
215	5	30
216	1	28
217	1	28
218	1	28
219	1	28
220	1	44
221	1	44
222	1	44
223	1	44
224	1	47
225	1	47
226	1	47
227	1	47
228	1	35
229	1	35
230	1	35
231	1	35
232	1	31
233	1	31
234	1	31
235	1	31
236	1	48
237	1	48
238	1	48
239	1	48
240	1	45
241	1	45
242	1	45
243	1	45
244	1	9
245	1	9
246	1	9
247	1	9
248	1	26
249	1	26
250	1	26
251	1	26
252	1	19
253	1	19
254	1	19
255	1	19
256	134	219
257	134	219
258	134	219
259	134	219
260	134	159
261	134	159
262	134	159
263	134	159
264	134	206
265	134	206
266	134	206
267	134	206
268	134	123
269	134	123
270	134	123
271	134	123
272	134	147
273	134	147
274	134	147
275	134	147
276	134	248
277	134	248
278	134	248
279	134	248
280	134	81
281	134	81
282	134	81
283	134	81
284	134	126
285	134	126
286	134	126
287	134	126
288	134	141
289	134	141
290	134	141
291	134	141
292	134	186
293	134	186
294	134	186
295	134	186
296	215	65
297	215	65
298	215	65
299	215	65
300	215	181
301	215	181
302	215	181
303	215	181
304	215	178
305	215	178
306	215	178
307	215	178
308	215	254
309	215	254
310	215	254
311	215	254
312	215	255
313	215	255
314	215	255
315	215	255
316	215	73
317	215	73
318	215	73
319	215	73
320	215	130
321	215	130
322	215	130
323	215	130
324	215	250
325	215	250
326	215	250
327	215	250
328	215	115
329	215	115
330	215	115
331	215	115
332	215	64
333	215	64
334	215	64
335	215	64
336	162	117
337	162	117
338	162	117
339	162	117
340	162	161
341	162	161
342	162	161
343	162	161
344	162	72
345	162	72
346	162	72
347	162	72
348	162	142
349	162	142
350	162	142
351	162	142
352	162	230
353	162	230
354	162	230
355	162	230
356	162	195
357	162	195
358	162	195
359	162	195
360	162	86
361	162	86
362	162	86
363	162	86
364	162	71
365	162	71
366	162	71
367	162	71
368	162	208
369	162	208
370	162	208
371	162	208
372	162	179
373	162	179
374	162	179
375	162	179
376	135	151
377	135	151
378	135	151
379	135	151
380	135	140
381	135	140
382	135	140
383	135	140
384	135	231
385	135	231
386	135	231
387	135	231
388	135	240
389	135	240
390	135	240
391	135	240
392	135	87
393	135	87
394	135	87
395	135	87
396	135	144
397	135	144
398	135	144
399	135	144
400	135	75
401	135	75
402	135	75
403	135	75
404	135	176
405	135	176
406	135	176
407	135	176
408	135	58
409	135	58
410	135	58
411	135	58
412	135	91
413	135	91
414	135	91
415	135	91
416	211	224
417	211	224
418	211	224
419	211	224
420	211	163
421	211	163
422	211	163
423	211	163
424	211	59
425	211	59
426	211	59
427	211	59
428	211	183
429	211	183
430	211	183
431	211	183
432	211	217
433	211	217
434	211	217
435	211	217
436	211	201
437	211	201
438	211	201
439	211	201
440	211	127
441	211	127
442	211	127
443	211	127
444	211	227
445	211	227
446	211	227
447	211	227
448	211	216
449	211	216
450	211	216
451	211	216
452	211	214
453	211	214
454	211	214
455	211	214
456	434	329
457	434	329
458	434	329
459	434	329
460	434	269
461	434	269
462	434	269
463	434	269
464	434	294
465	434	294
466	434	294
467	434	294
468	434	444
469	434	444
470	434	444
471	434	444
472	434	452
473	434	452
474	434	452
475	434	452
476	434	309
477	434	309
478	434	309
479	434	309
480	434	416
481	434	416
482	434	416
483	434	416
484	434	455
485	434	455
486	434	455
487	434	455
488	434	322
489	434	322
490	434	322
491	434	322
492	434	391
493	434	391
494	434	391
495	434	391
496	370	324
497	370	324
498	370	324
499	370	324
500	370	438
501	370	438
502	370	438
503	370	438
504	370	373
505	370	373
506	370	373
507	370	373
508	370	415
509	370	415
510	370	415
511	370	415
512	370	449
513	370	449
514	370	449
515	370	449
516	370	344
517	370	344
518	370	344
519	370	344
520	370	273
521	370	273
522	370	273
523	370	273
524	370	426
525	370	426
526	370	426
527	370	426
528	370	422
529	370	422
530	370	422
531	370	422
532	370	398
533	370	398
534	370	398
535	370	398
536	375	380
537	375	380
538	375	380
539	375	380
540	375	257
541	375	257
542	375	257
543	375	257
544	375	429
545	375	429
546	375	429
547	375	429
548	375	365
549	375	365
550	375	365
551	375	365
552	375	330
553	375	330
554	375	330
555	375	330
556	375	346
557	375	346
558	375	346
559	375	346
560	375	435
561	375	435
562	375	435
563	375	435
564	375	261
565	375	261
566	375	261
567	375	261
568	375	419
569	375	419
570	375	419
571	375	419
572	375	387
573	375	387
574	375	387
575	375	387
576	448	270
577	448	270
578	448	270
579	448	270
580	448	424
581	448	424
582	448	424
583	448	424
584	448	323
585	448	323
586	448	323
587	448	323
588	448	408
589	448	408
590	448	408
591	448	408
592	448	347
593	448	347
594	448	347
595	448	347
596	448	451
597	448	451
598	448	451
599	448	451
600	448	436
601	448	436
602	448	436
603	448	436
604	448	256
605	448	256
606	448	256
607	448	256
608	448	286
609	448	286
610	448	286
611	448	286
612	448	291
613	448	291
614	448	291
615	448	291
616	353	401
617	353	401
618	353	401
619	353	401
620	353	360
621	353	360
622	353	360
623	353	360
624	353	358
625	353	358
626	353	358
627	353	358
628	353	263
629	353	263
630	353	263
631	353	263
632	353	264
633	353	264
634	353	264
635	353	264
636	353	363
637	353	363
638	353	363
639	353	363
640	353	371
641	353	371
642	353	371
643	353	371
644	353	421
645	353	421
646	353	421
647	353	421
648	353	336
649	353	336
650	353	336
651	353	336
652	353	411
653	353	411
654	353	411
655	353	411
656	612	471
657	612	471
658	612	471
659	612	471
660	612	651
661	612	651
662	612	651
663	612	651
664	612	472
665	612	472
666	612	472
667	612	472
668	612	482
669	612	482
670	612	482
671	612	482
672	612	503
673	612	503
674	612	503
675	612	503
676	612	654
677	612	654
678	612	654
679	612	654
680	612	594
681	612	594
682	612	594
683	612	594
684	612	459
685	612	459
686	612	459
687	612	459
688	612	546
689	612	546
690	612	546
691	612	546
692	612	634
693	612	634
694	612	634
695	612	634
696	607	473
697	607	473
698	607	473
699	607	473
700	607	648
701	607	648
702	607	648
703	607	648
704	607	629
705	607	629
706	607	629
707	607	629
708	607	618
709	607	618
710	607	618
711	607	618
712	607	574
713	607	574
714	607	574
715	607	574
716	607	469
717	607	469
718	607	469
719	607	469
720	607	586
721	607	586
722	607	586
723	607	586
724	607	624
725	607	624
726	607	624
727	607	624
728	607	537
729	607	537
730	607	537
731	607	537
732	607	550
733	607	550
734	607	550
735	607	550
736	488	540
737	488	540
738	488	540
739	488	540
740	488	544
741	488	544
742	488	544
743	488	544
744	488	552
745	488	552
746	488	552
747	488	552
748	488	484
749	488	484
750	488	484
751	488	484
752	488	551
753	488	551
754	488	551
755	488	551
756	488	643
757	488	643
758	488	643
759	488	643
760	488	545
761	488	545
762	488	545
763	488	545
764	488	645
765	488	645
766	488	645
767	488	645
768	488	526
769	488	526
770	488	526
771	488	526
772	488	606
773	488	606
774	488	606
775	488	606
776	486	649
777	486	649
778	486	649
779	486	649
780	486	609
781	486	609
782	486	609
783	486	609
784	486	538
785	486	538
786	486	538
787	486	538
788	486	527
789	486	527
790	486	527
791	486	527
792	486	463
793	486	463
794	486	463
795	486	463
796	486	577
797	486	577
798	486	577
799	486	577
800	486	588
801	486	588
802	486	588
803	486	588
804	486	515
805	486	515
806	486	515
807	486	515
808	486	653
809	486	653
810	486	653
811	486	653
812	486	579
813	486	579
814	486	579
815	486	579
816	477	582
817	477	582
818	477	582
819	477	582
820	477	456
821	477	456
822	477	456
823	477	456
824	477	568
825	477	568
826	477	568
827	477	568
828	477	592
829	477	592
830	477	592
831	477	592
832	477	499
833	477	499
834	477	499
835	477	499
836	477	467
837	477	467
838	477	467
839	477	467
840	477	462
841	477	462
842	477	462
843	477	462
844	477	558
845	477	558
846	477	558
847	477	558
848	477	491
849	477	491
850	477	491
851	477	491
852	477	506
853	477	506
854	477	506
855	477	506
856	843	719
857	843	719
858	843	719
859	843	719
860	843	769
861	843	769
862	843	769
863	843	769
864	843	717
865	843	717
866	843	717
867	843	717
868	843	660
869	843	660
870	843	660
871	843	660
872	843	776
873	843	776
874	843	776
875	843	776
876	843	734
877	843	734
878	843	734
879	843	734
880	843	756
881	843	756
882	843	756
883	843	756
884	843	823
885	843	823
886	843	823
887	843	823
888	843	707
889	843	707
890	843	707
891	843	707
892	843	827
893	843	827
894	843	827
895	843	827
896	711	763
897	711	763
898	711	763
899	711	763
900	711	758
901	711	758
902	711	758
903	711	758
904	711	802
905	711	802
906	711	802
907	711	802
908	711	667
909	711	667
910	711	667
911	711	667
912	711	765
913	711	765
914	711	765
915	711	765
916	711	694
917	711	694
918	711	694
919	711	694
920	711	679
921	711	679
922	711	679
923	711	679
924	711	751
925	711	751
926	711	751
927	711	751
928	711	666
929	711	666
930	711	666
931	711	666
932	711	803
933	711	803
934	711	803
935	711	803
936	819	783
937	819	783
938	819	783
939	819	783
940	819	681
941	819	681
942	819	681
943	819	681
944	819	785
945	819	785
946	819	785
947	819	785
948	819	685
949	819	685
950	819	685
951	819	685
952	819	683
953	819	683
954	819	683
955	819	683
956	819	810
957	819	810
958	819	810
959	819	810
960	819	781
961	819	781
962	819	781
963	819	781
964	819	793
965	819	793
966	819	793
967	819	793
968	819	669
969	819	669
970	819	669
971	819	669
972	819	743
973	819	743
974	819	743
975	819	743
976	820	760
977	820	760
978	820	760
979	820	760
980	820	761
981	820	761
982	820	761
983	820	761
984	820	813
985	820	813
986	820	813
987	820	813
988	820	807
989	820	807
990	820	807
991	820	807
992	820	782
993	820	782
994	820	782
995	820	782
996	820	657
997	820	657
998	820	657
999	820	657
1000	820	712
1001	820	712
1002	820	712
1003	820	712
1004	820	661
1005	820	661
1006	820	661
1007	820	661
1008	820	693
1009	820	693
1010	820	693
1011	820	693
1012	820	731
1013	820	731
1014	820	731
1015	820	731
1016	762	671
1017	762	671
1018	762	671
1019	762	671
1020	762	663
1021	762	663
1022	762	663
1023	762	663
1024	762	738
1025	762	738
1026	762	738
1027	762	738
1028	762	844
1029	762	844
1030	762	844
1031	762	844
1032	762	714
1033	762	714
1034	762	714
1035	762	714
1036	762	839
1037	762	839
1038	762	839
1039	762	839
1040	762	696
1041	762	696
1042	762	696
1043	762	696
1044	762	828
1045	762	828
1046	762	828
1047	762	828
1048	762	695
1049	762	695
1050	762	695
1051	762	695
1052	762	780
1053	762	780
1054	762	780
1055	762	780